,basic_agent,Greedy Agent_turns_greedy_0,arch_receiver_agent,"med_agent_archs_[0, 1, 2]",dummy_agent_random,force_k_agent_k_5,force_k_agent_k_15,force_k_agent_k_30,arch_pass_agent,hard_agent_21_linear,hard_agent_21_log10,hard_agent_21_ln,Real,basic_agent_match,Greedy Agent_turns_greedy_0_match,arch_receiver_agent_match,"med_agent_archs_[0, 1, 2]_match",dummy_agent_random_match,force_k_agent_k_5_match,force_k_agent_k_15_match,force_k_agent_k_30_match,arch_pass_agent_match,hard_agent_21_linear_match,hard_agent_21_log10_match,hard_agent_21_ln_match
0,174,67,174,142,177,67,67,67,174,174,174,174,174,True,False,True,False,False,False,False,False,True,True,True,True
1,203,17,203,192,232,17,17,17,221,203,203,203,68,False,False,False,False,False,False,False,False,False,False,False,False
2,17,2,167,167,2,2,2,2,167,17,17,17,17,True,False,False,False,False,False,False,False,False,True,True,True
3,220,77,259,119,242,77,77,77,259,220,220,220,110,False,False,False,False,False,False,False,False,False,False,False,False
4,149,30,149,167,149,30,30,30,149,149,149,149,29,False,False,False,False,False,False,False,False,False,False,False,False
5,92,30,92,77,77,10,30,30,92,92,92,92,160,False,False,False,False,False,False,False,False,False,False,False,False
6,248,30,248,244,248,208,30,30,248,248,248,248,33,False,False,False,False,False,False,False,False,False,False,False,False
7,229,30,205,229,57,124,30,30,205,229,229,229,205,False,False,True,False,False,False,False,False,True,False,False,False
8,129,129,129,228,29,269,129,129,129,129,129,129,29,False,False,False,False,True,False,False,False,False,False,False,False
9,143,143,143,143,236,221,143,143,143,143,143,143,202,False,False,False,False,False,False,False,False,False,False,False,False
10,129,129,129,129,129,57,129,129,129,129,129,129,198,False,False,False,False,False,False,False,False,False,False,False,False
11,259,259,259,259,259,164,259,259,259,259,259,259,199,False,False,False,False,False,False,False,False,False,False,False,False
12,161,30,161,0,161,161,30,30,161,161,161,161,161,True,False,True,False,True,True,False,False,True,True,True,True
13,30,30,30,30,30,30,30,30,30,30,30,30,30,True,True,True,True,True,True,True,True,True,True,True,True
14,15,1,195,80,15,208,1,1,195,15,15,15,80,False,False,False,True,False,False,False,False,False,False,False,False
15,24,17,22,94,107,269,94,17,234,24,24,24,234,False,False,False,False,False,False,False,False,True,False,False,False
16,92,89,97,86,97,97,86,89,86,92,92,92,176,False,False,False,False,False,False,False,False,False,False,False,False
17,157,62,154,119,77,215,157,62,157,157,157,157,68,False,False,False,False,False,False,False,False,False,False,False,False
18,94,6,232,94,94,57,94,6,232,94,94,94,94,True,False,False,True,True,False,True,False,False,True,True,True
19,103,2,103,120,229,120,120,2,103,103,103,103,120,False,False,False,True,False,True,True,False,False,False,False,False
20,157,1,52,1,253,220,157,1,52,157,157,157,157,True,False,False,False,False,False,True,False,False,True,True,True
21,156,77,253,119,253,156,119,77,253,156,156,156,119,False,False,False,True,False,False,True,False,False,False,False,False
22,1,1,1,1,1,208,1,1,1,1,1,1,228,False,False,False,False,False,False,False,False,False,False,False,False
23,24,24,24,222,253,89,89,24,24,24,24,24,222,False,False,False,True,False,False,False,False,False,False,False,False
24,236,236,236,32,32,236,32,236,236,236,236,236,32,False,False,False,True,True,False,True,False,False,False,False,False
25,215,215,215,206,206,215,215,215,215,215,215,215,206,False,False,False,True,True,False,False,False,False,False,False,False
26,57,259,259,259,57,57,57,259,259,57,57,57,259,False,True,True,True,False,False,False,True,True,False,False,False
27,247,247,247,247,247,247,247,247,247,247,247,247,247,True,True,True,True,True,True,True,True,True,True,True,True
28,95,0,95,96,72,260,96,0,95,95,95,95,96,False,False,False,True,False,False,True,False,False,False,False,False
29,18,0,105,94,231,198,94,0,0,18,18,18,61,False,False,False,False,False,False,False,False,False,False,False,False
30,157,103,259,119,98,164,157,259,46,157,157,157,98,False,False,False,False,True,False,False,False,False,False,False,False
31,215,62,62,228,57,215,228,62,62,215,215,215,155,False,False,False,False,False,False,False,False,False,False,False,False
32,248,77,4,244,149,215,244,248,4,248,248,248,77,False,True,False,False,False,False,False,False,False,False,False,False
33,215,89,89,119,259,215,119,89,89,215,215,215,119,False,False,False,True,False,False,True,False,False,False,False,False
34,95,22,95,244,95,215,244,95,95,95,95,95,244,False,False,False,True,False,False,True,False,False,False,False,False
35,260,221,120,120,42,260,120,221,120,260,260,260,120,False,False,True,True,False,False,True,False,True,False,False,False
36,95,95,95,244,208,260,244,95,95,95,95,95,143,False,False,False,False,False,False,False,False,False,False,False,False
37,94,94,94,94,94,198,94,259,94,94,94,94,94,True,True,True,True,True,False,True,False,True,True,True,True
38,119,119,119,119,164,164,119,259,119,119,119,119,119,True,True,True,True,False,False,True,False,True,True,True,True
39,215,215,215,0,215,215,215,215,215,215,215,215,57,False,False,False,False,False,False,False,False,False,False,False,False
40,92,215,92,92,215,215,92,92,92,92,92,92,92,True,False,True,True,False,False,True,True,True,True,True,True
41,161,161,161,161,161,161,161,161,161,161,161,161,161,True,True,True,True,True,True,True,True,True,True,True,True
0,17,17,17,246,246,17,17,17,17,17,17,17,177,False,False,False,False,False,False,False,False,False,False,False,False
1,203,105,267,209,203,105,105,105,267,203,203,203,177,False,False,False,False,False,False,False,False,False,False,False,False
2,95,67,142,142,161,67,67,67,95,95,95,95,241,False,False,False,False,False,False,False,False,False,False,False,False
3,31,24,31,120,199,24,24,24,31,31,31,31,118,False,False,False,False,False,False,False,False,False,False,False,False
4,92,53,92,110,105,53,53,53,92,92,92,92,153,False,False,False,False,False,False,False,False,False,False,False,False
5,17,6,149,110,200,17,6,6,195,17,17,17,110,False,False,False,True,False,False,False,False,False,False,False,False
6,18,6,6,18,6,18,6,6,6,18,18,18,18,True,False,False,True,False,True,False,False,False,True,True,True
7,184,6,184,184,105,206,6,6,6,184,184,184,103,False,False,False,False,False,False,False,False,False,False,False,False
8,215,30,158,246,246,246,30,30,158,215,215,215,158,False,False,True,False,False,False,False,False,True,False,False,False
9,167,105,105,167,161,167,105,105,105,167,167,167,105,False,True,True,False,False,False,True,True,True,False,False,False
10,154,72,72,167,154,167,72,72,72,154,154,154,72,False,True,True,False,False,False,True,True,True,False,False,False
11,105,105,105,61,105,105,105,105,105,105,105,105,105,True,True,True,False,True,True,True,True,True,True,True,True
12,105,72,105,72,105,72,72,72,105,105,105,105,72,False,True,False,True,False,True,True,True,False,False,False,False
13,6,6,6,6,6,6,6,6,6,6,6,6,6,True,True,True,True,True,True,True,True,True,True,True,True
14,140,47,242,47,186,4,47,47,242,140,140,140,204,False,False,False,False,False,False,False,False,False,False,False,False
15,95,17,17,94,126,17,94,17,17,95,95,95,112,False,False,False,False,False,False,False,False,False,False,False,False
16,67,62,129,120,163,232,120,62,129,67,67,67,65,False,False,False,False,False,False,False,False,False,False,False,False
17,220,6,52,52,151,46,52,6,52,220,220,220,46,False,False,False,False,False,True,False,False,False,False,False,False
18,95,95,4,86,97,4,86,95,4,95,95,95,151,False,False,False,False,False,False,False,False,False,False,False,False
19,203,12,107,12,170,203,12,12,107,203,203,203,146,False,False,False,False,False,False,False,False,False,False,False,False
20,24,24,92,182,82,206,182,24,92,24,24,24,24,True,True,False,False,False,False,False,True,False,True,True,True
21,103,2,103,91,84,191,103,2,103,103,103,103,191,False,False,False,False,False,True,False,False,False,False,False,False
22,142,142,28,142,4,4,142,142,28,142,142,142,4,False,False,False,False,True,True,False,False,False,False,False,False
23,184,53,129,53,53,53,184,53,129,184,184,184,184,True,False,False,False,False,False,True,False,False,True,True,True
24,243,163,243,228,163,243,228,163,243,243,243,243,123,False,False,False,False,False,False,False,False,False,False,False,False
25,221,221,28,28,16,28,28,221,28,221,221,221,221,True,True,False,False,False,False,False,True,False,True,True,True
26,105,105,105,105,105,105,105,105,105,105,105,105,262,False,False,False,False,False,False,False,False,False,False,False,False
27,91,91,91,91,91,91,91,91,91,91,91,91,91,True,True,True,True,True,True,True,True,True,True,True,True
28,79,67,143,165,228,79,165,67,143,79,79,79,79,True,False,False,False,False,True,False,False,False,True,True,True
29,80,30,154,80,107,271,80,30,154,80,80,80,195,False,False,False,False,False,False,False,False,False,False,False,False
30,248,95,248,157,146,146,157,270,248,248,248,248,46,False,False,False,False,False,False,False,False,False,False,False,False
31,69,52,92,165,200,69,165,165,92,69,69,69,69,True,False,False,False,False,True,False,False,False,True,True,True
32,220,67,67,120,20,271,120,220,67,220,220,220,67,False,True,True,False,False,False,False,False,True,False,False,False
33,24,24,143,157,87,224,157,221,143,24,24,24,56,False,False,False,False,False,False,False,False,False,False,False,False
34,92,77,92,167,92,77,167,236,92,92,92,92,107,False,False,False,False,False,False,False,False,False,False,False,False
35,203,203,203,203,203,203,203,92,203,203,203,203,191,False,False,False,False,False,False,False,False,False,False,False,False
36,188,188,188,228,259,188,228,188,188,188,188,188,173,False,False,False,False,False,False,False,False,False,False,False,False
37,154,30,154,154,28,271,154,30,154,154,154,154,271,False,False,False,False,False,True,False,False,False,False,False,False
38,129,129,129,129,129,129,129,198,129,129,129,129,84,False,False,False,False,False,False,False,False,False,False,False,False
39,92,52,222,52,92,222,92,92,222,92,92,92,52,False,True,False,True,False,False,False,False,False,False,False,False
40,4,105,105,4,105,4,4,4,105,4,4,4,4,True,False,False,True,False,True,True,True,False,True,True,True
41,187,187,187,187,187,187,187,187,187,187,187,187,187,True,True,True,True,True,True,True,True,True,True,True,True
0,238,72,238,238,16,72,72,72,238,238,238,238,127,False,False,False,False,False,False,False,False,False,False,False,False
1,93,2,267,68,52,2,2,2,267,93,93,93,93,True,False,False,False,False,False,False,False,False,True,True,True
2,238,22,238,238,168,22,22,22,238,238,238,238,168,False,False,False,False,True,False,False,False,False,False,False,False
3,140,24,24,157,260,24,24,24,24,140,140,140,260,False,False,False,False,True,False,False,False,False,False,False,False
4,17,17,167,167,164,17,17,17,105,17,17,17,221,False,False,False,False,False,False,False,False,False,False,False,False
5,22,17,96,96,17,17,17,17,96,22,22,22,96,False,False,True,True,False,False,False,False,True,False,False,False
6,4,149,242,86,181,4,149,149,242,4,4,4,198,False,False,False,False,False,False,False,False,False,False,False,False
7,96,72,96,96,42,231,72,72,96,96,96,96,72,False,True,False,False,False,False,True,True,False,False,False,False
8,150,149,150,150,262,150,149,149,150,150,150,150,150,True,False,True,True,False,True,False,False,True,True,True,True
9,146,146,146,244,244,146,146,146,146,146,146,146,60,False,False,False,False,False,False,False,False,False,False,False,False
10,77,77,77,77,87,77,77,77,77,77,77,77,87,False,False,False,False,True,False,False,False,False,False,False,False
11,222,62,62,62,163,222,62,62,62,222,222,222,163,False,False,False,False,True,False,False,False,False,False,False,False
12,165,165,257,165,165,257,165,165,257,165,165,165,257,False,False,True,False,False,True,False,False,True,False,False,False
13,163,163,163,163,163,163,163,163,163,163,163,163,163,True,True,True,True,True,True,True,True,True,True,True,True
14,95,95,95,167,165,268,95,95,95,95,95,95,118,False,False,False,False,False,False,False,False,False,False,False,False
15,157,105,160,142,28,160,188,105,160,157,157,157,48,False,False,False,False,False,False,False,False,False,False,False,False
16,154,12,154,120,120,271,154,12,154,154,154,154,25,False,False,False,False,False,False,False,False,False,False,False,False
17,140,77,140,94,77,265,140,77,140,140,140,140,19,False,False,False,False,False,False,False,False,False,False,False,False
18,4,1,4,1,61,4,1,1,4,4,4,4,73,False,False,False,False,False,False,False,False,False,False,False,False
19,203,89,203,165,259,203,89,89,203,203,203,203,212,False,False,False,False,False,False,False,False,False,False,False,False
20,140,77,140,94,140,77,140,77,140,140,140,140,220,False,False,False,False,False,False,False,False,False,False,False,False
21,67,67,67,244,144,257,229,67,67,67,67,67,72,False,False,False,False,False,False,False,False,False,False,False,False
22,107,107,149,167,165,149,149,107,149,107,107,107,107,True,True,False,False,False,False,False,True,False,True,True,True
23,157,157,188,157,157,188,188,157,188,157,157,157,161,False,False,False,False,False,False,False,False,False,False,False,False
24,271,167,271,167,60,271,167,167,271,271,271,271,60,False,False,False,False,True,False,False,False,False,False,False,False
25,140,77,140,77,259,77,140,77,140,140,140,140,77,False,True,False,True,False,True,False,True,False,False,False,False
26,146,146,218,146,218,146,146,146,218,146,146,146,218,False,False,True,False,True,False,False,False,True,False,False,False
27,206,206,206,206,206,206,206,206,206,206,206,206,206,True,True,True,True,True,True,True,True,True,True,True,True
28,174,62,62,120,212,174,62,62,62,174,174,174,97,False,False,False,False,False,False,False,False,False,False,False,False
29,238,0,0,238,167,18,0,0,0,238,238,238,118,False,False,False,False,False,False,False,False,False,False,False,False
30,209,72,231,209,259,231,129,129,231,209,209,209,269,False,False,False,False,False,False,False,False,False,False,False,False
31,15,15,15,167,196,203,15,15,15,15,15,15,195,False,False,False,False,False,False,False,False,False,False,False,False
32,143,67,143,228,67,146,143,143,143,143,143,143,67,False,True,False,False,True,False,False,False,False,False,False,False
33,253,30,253,244,253,222,253,253,253,253,253,253,144,False,False,False,False,False,False,False,False,False,False,False,False
34,143,143,143,143,229,146,143,143,143,143,143,143,221,False,False,False,False,False,False,False,False,False,False,False,False
35,107,107,191,107,158,191,107,107,191,107,107,107,60,False,False,False,False,False,False,False,False,False,False,False,False
36,146,62,62,62,146,146,62,62,62,146,146,146,156,False,False,False,False,False,False,False,False,False,False,False,False
37,231,167,231,167,231,231,167,167,231,231,231,231,208,False,False,False,False,False,False,False,False,False,False,False,False
38,231,129,231,231,129,231,129,129,231,231,231,231,236,False,False,False,False,False,False,False,False,False,False,False,False
39,28,30,28,91,91,91,28,28,28,28,28,28,30,False,True,False,False,False,False,False,False,False,False,False,False
40,143,143,143,143,143,143,143,143,143,143,143,143,185,False,False,False,False,False,False,False,False,False,False,False,False
41,30,30,30,30,30,30,30,30,30,30,30,30,30,True,True,True,True,True,True,True,True,True,True,True,True
0,255,0,255,245,0,0,0,0,255,255,255,255,201,False,False,False,False,False,False,False,False,False,False,False,False
1,140,124,140,167,140,124,124,124,140,140,140,140,173,False,False,False,False,False,False,False,False,False,False,False,False
2,209,143,10,209,143,143,143,143,10,209,209,209,209,True,False,False,True,False,False,False,False,False,True,True,True
3,8,8,129,8,56,8,8,8,129,8,8,8,8,True,True,False,True,False,True,True,True,False,True,True,True
4,1,1,1,1,97,1,1,1,1,1,1,1,12,False,False,False,False,False,False,False,False,False,False,False,False
5,209,30,271,209,62,209,30,30,271,209,209,209,209,True,False,False,True,False,True,False,False,False,True,True,True
6,17,17,17,244,143,244,17,17,17,17,17,17,67,False,False,False,False,False,False,False,False,False,False,False,False
7,184,103,165,165,184,165,103,103,165,184,184,184,103,False,True,False,False,False,False,True,True,False,False,False,False
8,245,30,214,245,23,245,30,30,214,245,245,245,245,True,False,False,True,False,True,False,False,False,True,True,True
9,4,165,4,167,4,167,165,165,4,4,4,4,167,False,False,False,True,False,True,False,False,False,False,False,False
10,4,4,10,86,4,86,4,4,10,4,4,4,86,False,False,False,True,False,True,False,False,False,False,False,False
11,156,156,156,167,156,167,156,156,156,156,156,156,167,False,False,False,True,False,True,False,False,False,False,False,False
12,2,2,2,2,2,2,2,2,2,2,2,2,2,True,True,True,True,True,True,True,True,True,True,True,True
13,206,206,206,206,206,206,206,206,206,206,206,206,206,True,True,True,True,True,True,True,True,True,True,True,True
14,209,0,0,209,0,209,0,0,0,209,209,209,209,True,False,False,True,False,True,False,False,False,True,True,True
15,24,24,128,178,134,178,92,24,128,24,24,24,128,False,False,True,False,False,False,False,False,True,False,False,False
16,234,12,242,120,23,120,259,12,242,234,234,234,12,False,True,False,False,False,False,False,True,False,False,False,False
17,255,24,271,120,24,120,255,24,271,255,255,255,120,False,False,False,True,False,True,False,False,False,False,False,False
18,143,62,143,182,221,182,143,62,143,143,143,143,182,False,False,False,True,False,True,False,False,False,False,False,False
19,24,24,24,120,24,120,129,24,24,24,24,24,53,False,False,False,False,False,False,False,False,False,False,False,False
20,215,215,259,191,214,191,259,215,181,215,215,215,191,False,False,False,True,False,True,False,False,False,False,False,False
21,231,229,20,182,262,182,229,229,20,231,231,231,231,True,False,False,False,False,False,False,False,False,True,True,True
22,124,124,124,222,29,222,185,124,222,124,124,124,222,False,False,False,True,False,True,False,False,True,False,False,False
23,4,30,4,4,134,4,4,30,4,4,4,4,4,True,False,True,True,False,True,True,False,True,True,True,True
24,271,271,271,271,42,271,271,271,271,271,271,271,271,True,True,True,True,False,True,True,True,True,True,True,True
25,271,62,62,62,271,62,62,62,181,271,271,271,271,True,False,False,False,True,False,False,False,False,True,True,True
26,185,257,185,257,257,257,185,257,185,185,185,185,257,False,True,False,True,True,True,False,True,False,False,False,False
27,208,208,208,208,208,208,208,208,208,208,208,208,208,True,True,True,True,True,True,True,True,True,True,True,True
28,223,0,223,192,0,192,223,0,223,223,223,223,192,False,False,False,True,False,True,False,False,False,False,False,False
29,95,0,195,157,57,157,95,0,195,95,95,95,135,False,False,False,False,False,False,False,False,False,False,False,False
30,209,53,221,209,10,209,221,221,221,209,209,209,86,False,False,False,False,False,False,False,False,False,False,False,False
31,140,33,140,110,91,110,140,140,140,140,140,140,33,False,True,False,False,False,False,False,False,False,False,False,False
32,182,30,253,119,182,182,253,253,253,182,182,182,119,False,False,False,True,False,False,False,False,False,False,False,False
33,18,18,157,157,42,157,18,18,157,18,18,18,56,False,False,False,False,False,False,False,False,False,False,False,False
34,203,203,203,203,208,203,203,203,203,203,203,203,203,True,True,True,True,False,True,True,True,True,True,True,True
35,239,165,185,239,195,239,185,185,185,239,239,239,239,True,False,False,True,False,True,False,False,False,True,True,True
36,271,91,165,165,271,165,124,124,165,271,271,271,271,True,False,False,False,True,False,False,False,False,True,True,True
37,157,30,157,157,30,157,157,157,157,157,157,157,157,True,False,True,True,False,True,True,True,True,True,True,True
38,221,221,221,32,32,32,221,221,221,221,221,221,42,False,False,False,False,False,False,False,False,False,False,False,False
39,232,77,232,77,232,232,232,232,232,232,232,232,232,True,False,True,False,True,True,True,True,True,True,True,True
40,60,30,60,0,60,60,60,60,60,60,60,60,60,True,False,True,False,True,True,True,True,True,True,True,True
41,4,4,4,4,4,4,4,4,4,4,4,4,4,True,True,True,True,True,True,True,True,True,True,True,True
0,238,0,238,238,238,0,0,0,238,238,238,238,55,False,False,False,False,False,False,False,False,False,False,False,False
1,248,95,248,165,19,95,95,95,248,248,248,248,19,False,False,False,False,True,False,False,False,False,False,False,False
2,154,6,154,119,109,6,6,6,191,154,154,154,19,False,False,False,False,False,False,False,False,False,False,False,False
3,231,2,158,231,60,2,2,2,158,231,231,231,132,False,False,False,False,False,False,False,False,False,False,False,False
4,69,2,69,167,167,2,2,2,69,69,69,69,69,True,False,True,False,False,False,False,False,True,True,True,True
5,184,53,184,53,184,184,53,53,184,184,184,184,187,False,False,False,False,False,False,False,False,False,False,False,False
6,231,231,243,231,243,243,231,231,243,231,231,231,253,False,False,False,False,False,False,False,False,False,False,False,False
7,271,6,188,6,6,181,6,6,188,271,271,271,188,False,False,True,False,False,False,False,False,True,False,False,False
8,4,6,247,4,122,247,6,6,247,4,4,4,122,False,False,False,False,True,False,False,False,False,False,False,False
9,4,4,260,4,260,260,4,4,260,4,4,4,151,False,False,False,False,False,False,False,False,False,False,False,False
10,57,30,57,109,109,109,30,30,57,57,57,57,109,False,False,False,True,True,True,False,False,False,False,False,False
11,2,2,2,268,267,2,2,2,2,2,2,2,2,True,True,True,False,False,True,True,True,True,True,True,True
12,4,4,4,4,4,4,4,4,4,4,4,4,208,False,False,False,False,False,False,False,False,False,False,False,False
13,53,53,53,53,53,53,53,53,53,53,53,53,53,True,True,True,True,True,True,True,True,True,True,True,True
14,8,8,160,8,8,107,8,8,160,8,8,8,116,False,False,False,False,False,False,False,False,False,False,False,False
15,146,91,110,110,221,20,110,91,110,146,146,146,85,False,False,False,False,False,False,False,False,False,False,False,False
16,4,72,149,182,72,195,182,72,182,4,4,4,132,False,False,False,False,False,False,False,False,False,False,False,False
17,192,1,185,192,33,105,192,1,185,192,192,192,105,False,False,False,False,False,True,False,False,False,False,False,False
18,149,2,269,62,2,2,62,2,269,149,149,149,196,False,False,False,False,False,False,False,False,False,False,False,False
19,124,1,1,1,221,52,1,1,124,124,124,124,87,False,False,False,False,False,False,False,False,False,False,False,False
20,103,53,232,142,103,103,142,53,232,103,103,103,103,True,False,False,False,True,True,False,False,False,True,True,True
21,129,129,20,165,129,20,165,129,20,129,129,129,187,False,False,False,False,False,False,False,False,False,False,False,False
22,107,21,191,182,191,107,182,21,191,107,107,107,21,False,True,False,False,False,False,False,True,False,False,False,False
23,221,91,91,61,97,221,61,91,91,221,221,221,42,False,False,False,False,False,False,False,False,False,False,False,False
24,4,156,195,187,195,195,4,156,195,4,4,4,187,False,False,False,True,False,False,False,False,False,False,False,False
25,1,1,1,1,167,1,1,1,1,1,1,1,206,False,False,False,False,False,False,False,False,False,False,False,False
26,243,243,243,243,84,243,243,243,243,243,243,243,243,True,True,True,True,False,True,True,True,True,True,True,True
27,84,84,84,84,84,84,84,84,84,84,84,84,84,True,True,True,True,True,True,True,True,True,True,True,True
28,95,2,95,142,97,2,142,2,95,95,95,95,19,False,False,False,False,False,False,False,False,False,False,False,False
29,209,74,258,238,7,107,209,74,258,209,209,209,190,False,False,False,False,False,False,False,False,False,False,False,False
30,95,5,205,142,142,67,142,142,205,95,95,95,118,False,False,False,False,False,False,False,False,False,False,False,False
31,234,103,234,246,246,103,246,231,234,234,234,234,103,False,True,False,False,False,True,False,False,False,False,False,False
32,184,107,260,61,61,184,61,226,260,184,184,184,184,True,False,False,False,False,True,False,False,False,True,True,True
33,242,53,268,167,23,242,167,167,268,242,242,242,187,False,False,False,False,False,False,False,False,False,False,False,False
34,92,67,92,91,222,67,92,222,92,92,92,92,16,False,False,False,False,False,False,False,False,False,False,False,False
35,146,6,253,165,158,241,165,146,253,146,146,146,241,False,False,False,False,False,True,False,False,False,False,False,False
36,2,2,2,257,2,2,205,205,2,2,2,2,82,False,False,False,False,False,False,False,False,False,False,False,False
37,238,77,107,238,238,107,238,238,107,238,238,238,107,False,False,True,False,False,True,False,False,True,False,False,False
38,67,67,67,67,67,67,67,67,156,67,67,67,67,True,True,True,True,True,True,True,True,False,True,True,True
39,193,187,193,187,193,193,193,191,193,193,193,193,187,False,True,False,True,False,False,False,False,False,False,False,False
40,243,243,243,61,243,243,61,61,243,243,243,243,61,False,False,False,True,False,False,True,True,False,False,False,False
41,53,53,53,53,53,53,53,53,53,53,53,53,53,True,True,True,True,True,True,True,True,True,True,True,True
0,95,2,95,80,95,2,2,2,95,95,95,95,95,True,False,True,False,True,False,False,False,True,True,True,True
1,215,1,103,1,164,1,1,1,103,215,215,215,155,False,False,False,False,False,False,False,False,False,False,False,False
2,209,1,209,209,244,1,1,1,209,209,209,209,145,False,False,False,False,False,False,False,False,False,False,False,False
3,94,30,94,94,105,30,30,30,107,94,94,94,94,True,False,True,True,False,False,False,False,False,True,True,True
4,140,94,242,94,94,94,94,94,242,140,140,140,94,False,True,False,True,True,True,True,True,False,False,False,False
5,234,1,28,1,60,1,1,1,28,234,234,234,110,False,False,False,False,False,False,False,False,False,False,False,False
6,184,72,184,182,77,182,72,72,184,184,184,184,182,False,False,False,True,False,True,False,False,False,False,False,False
7,119,46,46,119,84,119,46,46,46,119,119,119,119,True,False,False,True,False,True,False,False,False,True,True,True
8,24,2,24,77,194,4,2,2,24,24,24,24,24,True,False,True,False,False,False,False,False,True,True,True,True
9,103,1,1,1,28,1,1,1,1,103,103,103,1,False,True,True,True,False,True,True,True,True,False,False,False
10,1,1,1,1,206,1,1,1,1,1,1,1,1,True,True,True,True,False,True,True,True,True,True,True,True
11,77,30,77,77,212,77,30,30,77,77,77,77,77,True,False,True,True,False,True,False,False,True,True,True,True
12,158,158,158,158,214,158,158,158,158,158,158,158,158,True,True,True,True,False,True,True,True,True,True,True,True
13,257,257,257,257,257,257,257,257,257,257,257,257,257,True,True,True,True,True,True,True,True,True,True,True,True
14,76,30,92,239,154,245,30,30,92,76,76,76,76,True,False,False,False,False,False,False,False,False,True,True,True
15,209,30,209,209,173,209,156,30,209,209,209,209,96,False,False,False,False,False,False,False,False,False,False,False,False
16,231,1,231,1,46,1,10,1,103,231,231,231,110,False,False,False,False,False,False,False,False,False,False,False,False
17,255,6,255,228,22,228,215,6,255,255,255,255,255,True,False,True,False,False,False,False,False,True,True,True,True
18,17,17,17,246,222,246,236,17,17,17,17,17,86,False,False,False,False,False,False,False,False,False,False,False,False
19,184,105,229,228,228,228,229,105,229,184,184,184,153,False,False,False,False,False,False,False,False,False,False,False,False
20,229,12,72,178,229,178,178,12,72,229,229,229,12,False,True,False,False,False,False,False,True,False,False,False,False
21,124,53,105,120,228,120,124,53,105,124,124,124,105,False,False,True,False,False,False,False,False,True,False,False,False
22,203,30,203,182,198,182,198,30,203,203,203,203,182,False,False,False,True,False,True,False,False,False,False,False,False
23,209,30,53,209,173,209,30,30,209,209,209,209,209,True,False,False,True,False,True,False,False,True,True,True,True
24,231,1,231,1,163,1,163,1,231,231,231,231,1,False,True,False,True,False,True,False,True,False,False,False,False
25,28,53,53,228,228,228,28,53,53,28,28,28,228,False,False,False,True,True,True,False,False,False,False,False,False
26,17,17,17,17,17,17,30,17,17,17,17,17,17,True,True,True,True,True,True,False,True,True,True,True,True
27,184,184,184,184,184,184,184,184,184,184,184,184,184,True,True,True,True,True,True,True,True,True,True,True,True
28,140,103,140,244,219,244,221,103,140,140,140,140,107,False,False,False,False,False,False,False,False,False,False,False,False
29,94,67,28,94,78,94,124,67,28,94,94,94,132,False,False,False,False,False,False,False,False,False,False,False,False
30,80,30,232,80,199,80,30,107,232,80,80,80,80,True,False,False,True,False,True,False,False,False,True,True,True
31,95,1,95,1,42,1,220,2,95,95,95,95,111,False,False,False,False,False,False,False,False,False,False,False,False
32,234,112,20,4,234,4,267,20,20,234,234,234,20,False,False,True,False,False,False,False,True,True,False,False,False
33,203,18,241,94,123,94,94,241,253,203,203,203,241,False,False,True,False,False,False,False,True,False,False,False,False
34,234,146,178,178,243,178,178,243,178,234,234,234,42,False,False,False,False,False,False,False,False,False,False,False,False
35,231,149,149,246,65,246,246,65,149,231,231,231,65,False,False,False,False,True,False,False,True,False,False,False,False
36,103,103,103,244,103,244,221,103,103,103,103,103,103,True,True,True,False,True,False,False,True,True,True,True,True
37,67,67,67,244,54,244,244,67,67,67,67,67,67,True,True,True,False,False,False,False,True,True,True,True,True
38,158,30,158,158,158,158,30,158,158,158,158,158,158,True,False,True,True,True,True,False,True,True,True,True,True
39,222,2,2,222,2,222,2,2,2,222,222,222,2,False,True,True,False,True,False,True,True,True,False,False,False
40,243,243,243,243,123,243,243,243,243,243,243,243,123,False,False,False,False,True,False,False,False,False,False,False,False
41,203,203,203,203,203,203,203,203,203,203,203,203,203,True,True,True,True,True,True,True,True,True,True,True,True
0,248,8,248,8,8,8,8,8,248,248,248,248,174,False,False,False,False,False,False,False,False,False,False,False,False
1,95,95,120,120,111,95,95,95,120,95,95,95,38,False,False,False,False,False,False,False,False,False,False,False,False
2,209,17,62,209,17,17,17,17,62,209,209,209,209,True,False,False,True,False,False,False,False,False,True,True,True
3,203,2,92,167,134,2,2,2,92,203,203,203,232,False,False,False,False,False,False,False,False,False,False,False,False
4,80,22,22,80,184,22,22,22,22,80,80,80,22,False,True,True,False,False,True,True,True,True,False,False,False
5,96,2,205,96,229,92,2,2,205,96,96,96,229,False,False,False,False,True,False,False,False,False,False,False,False
6,140,2,2,140,199,140,2,2,2,140,140,140,140,True,False,False,True,False,True,False,False,False,True,True,True
7,229,1,229,1,229,229,1,1,229,229,229,229,87,False,False,False,False,False,False,False,False,False,False,False,False
8,195,30,221,86,221,195,30,30,195,195,195,195,42,False,False,False,False,False,False,False,False,False,False,False,False
9,143,143,143,120,120,143,143,143,143,143,143,143,143,True,True,True,False,False,True,True,True,True,True,True,True
10,222,217,222,222,57,222,217,217,222,222,222,222,217,False,True,False,False,False,False,True,True,False,False,False,False
11,2,2,2,205,134,2,2,2,2,2,2,2,205,False,False,False,True,False,False,False,False,False,False,False,False
12,205,30,205,205,205,205,30,30,205,205,205,205,205,True,False,True,True,True,True,False,False,True,True,True,True
13,2,2,2,2,2,2,2,2,2,2,2,2,2,True,True,True,True,True,True,True,True,True,True,True,True
14,92,6,92,68,68,92,6,6,92,92,92,92,70,False,False,False,False,False,False,False,False,False,False,False,False
15,248,94,107,209,143,248,248,94,124,248,248,248,159,False,False,False,False,False,False,False,False,False,False,False,False
16,31,2,72,111,214,143,143,2,72,31,31,31,112,False,False,False,False,False,False,False,False,False,False,False,False
17,24,1,1,1,60,92,92,1,1,24,24,24,46,False,False,False,False,False,False,False,False,False,False,False,False
18,1,1,52,182,32,1,1,1,52,1,1,1,222,False,False,False,False,False,False,False,False,False,False,False,False
19,150,72,150,119,119,185,185,72,150,150,150,150,150,True,False,True,False,False,False,False,False,True,True,True,True
20,203,6,6,167,202,6,6,6,6,203,203,203,18,False,False,False,False,False,False,False,False,False,False,False,False
21,103,52,103,165,199,107,146,52,146,103,103,103,146,False,False,False,False,False,False,True,False,True,False,False,False
22,271,195,195,195,123,195,271,195,195,271,271,271,271,True,False,False,False,False,False,True,False,False,True,True,True
23,107,107,214,86,164,107,86,107,107,107,107,107,214,False,False,True,False,False,False,False,False,False,False,False,False
24,2,2,214,214,199,20,214,2,214,2,2,2,214,False,False,True,True,False,False,True,False,True,False,False,False
25,107,107,107,107,263,185,185,107,107,107,107,107,185,False,False,False,False,False,True,True,False,False,False,False,False
26,52,52,205,52,52,52,205,52,205,52,52,52,52,True,True,False,True,True,True,False,True,False,True,True,True
27,191,191,191,191,191,191,191,191,191,191,191,191,191,True,True,True,True,True,True,True,True,True,True,True,True
28,255,22,255,246,22,255,255,22,255,255,255,255,255,True,False,True,False,False,True,True,False,True,True,True,True
29,31,31,158,182,4,62,62,31,158,31,31,31,146,False,False,False,False,False,False,False,False,False,False,False,False
30,0,0,0,119,188,0,0,198,0,0,0,0,0,True,True,True,False,False,True,True,False,True,True,True,True
31,92,129,92,119,129,92,92,267,92,92,92,92,16,False,False,False,False,False,False,False,False,False,False,False,False
32,203,149,188,182,203,188,188,57,188,203,203,203,256,False,False,False,False,False,False,False,False,False,False,False,False
33,188,30,188,86,151,188,229,30,188,188,188,188,151,False,False,False,False,True,False,False,False,False,False,False,False
34,89,89,182,182,220,89,89,220,182,89,89,89,89,True,True,False,False,False,True,True,False,False,True,True,True
35,72,2,56,228,56,72,56,221,56,72,72,72,56,False,False,True,False,True,False,True,False,True,False,False,False
36,140,129,140,140,56,140,140,198,140,140,140,140,56,False,False,False,False,True,False,False,False,False,False,False,False
37,158,182,158,182,158,158,182,158,158,158,158,158,173,False,False,False,False,False,False,False,False,False,False,False,False
38,20,20,20,20,23,20,20,198,20,20,20,20,23,False,False,False,False,True,False,False,False,False,False,False,False
39,195,195,195,206,206,195,195,158,195,195,195,195,206,False,False,False,True,True,False,False,False,False,False,False,False
40,188,188,188,257,188,188,188,188,188,188,188,188,188,True,True,True,False,True,True,True,True,True,True,True,True
41,30,30,30,30,30,30,30,30,30,30,30,30,30,True,True,True,True,True,True,True,True,True,True,True,True
0,31,31,31,94,94,31,31,31,31,31,31,31,31,True,True,True,False,False,True,True,True,True,True,True,True
1,124,72,124,167,97,72,72,72,167,124,124,124,97,False,False,False,False,True,False,False,False,False,False,False,False
2,146,1,1,1,110,1,1,1,1,146,146,146,146,True,False,False,False,False,False,False,False,False,True,True,True
3,229,221,260,229,20,221,221,221,260,229,229,229,260,False,False,True,False,False,False,False,False,True,False,False,False
4,18,18,154,244,53,18,18,18,154,18,18,18,53,False,False,False,False,True,False,False,False,False,False,False,False
5,22,22,110,110,75,231,22,22,110,22,22,22,231,False,False,False,False,False,True,False,False,False,False,False,False
6,215,2,182,182,262,222,2,2,182,215,215,215,202,False,False,False,False,False,False,False,False,False,False,False,False
7,215,30,253,167,253,4,30,30,253,215,215,215,4,False,False,False,False,False,True,False,False,False,False,False,False
8,142,107,142,142,204,204,107,107,142,142,142,142,204,False,False,False,False,True,True,False,False,False,False,False,False
9,167,167,167,167,205,205,167,167,167,167,167,167,205,False,False,False,False,True,True,False,False,False,False,False,False
10,1,1,2,1,206,206,1,1,2,1,1,1,208,False,False,False,False,False,False,False,False,False,False,False,False
11,229,229,229,229,185,229,229,229,229,229,229,229,253,False,False,False,False,False,False,False,False,False,False,False,False
12,247,247,247,244,244,247,247,247,247,247,247,247,247,True,True,True,False,False,True,True,True,True,True,True,True
13,165,165,165,165,165,165,165,165,165,165,165,165,165,True,True,True,True,True,True,True,True,True,True,True,True
14,14,6,69,157,124,69,6,6,69,14,14,14,14,True,False,False,False,False,False,False,False,False,True,True,True
15,238,0,107,238,238,4,0,0,0,238,238,238,0,False,True,False,False,False,False,True,True,True,False,False,False
16,154,52,110,110,214,224,154,52,110,154,154,154,217,False,False,False,False,False,False,False,False,False,False,False,False
17,103,6,89,94,253,271,89,6,89,103,103,103,57,False,False,False,False,False,False,False,False,False,False,False,False
18,80,80,253,80,97,271,253,80,271,80,80,80,123,False,False,False,False,False,False,False,False,False,False,False,False
19,203,67,203,120,61,203,203,67,203,203,203,203,49,False,False,False,False,False,False,False,False,False,False,False,False
20,22,21,214,21,199,214,22,21,22,22,22,22,22,True,False,False,False,False,False,True,False,True,True,True,True
21,103,2,103,246,29,103,246,2,103,103,103,103,42,False,False,False,False,False,False,False,False,False,False,False,False
22,157,6,157,157,23,6,6,6,157,157,157,157,23,False,False,False,False,True,False,False,False,False,False,False,False
23,4,4,259,178,35,4,259,4,259,4,4,4,259,False,False,True,False,False,False,True,False,True,False,False,False
24,247,247,247,158,181,247,247,247,247,247,247,247,134,False,False,False,False,False,False,False,False,False,False,False,False
25,6,6,167,167,6,206,6,6,167,6,6,6,6,True,True,False,False,True,False,True,True,False,True,True,True
26,204,91,204,91,91,204,204,91,204,204,204,204,91,False,True,False,True,True,False,False,True,False,False,False,False
27,205,205,205,205,205,205,205,205,205,205,205,205,205,True,True,True,True,True,True,True,True,True,True,True,True
28,22,22,22,178,207,203,22,22,22,22,22,22,124,False,False,False,False,False,False,False,False,False,False,False,False
29,255,188,242,192,60,46,255,188,255,255,255,255,255,True,False,False,False,False,False,True,False,True,True,True,True
30,140,17,17,17,199,17,140,140,17,140,140,140,140,True,False,False,False,False,False,True,True,False,True,True,True
31,184,89,92,238,23,271,92,92,92,184,184,184,89,False,True,False,False,False,False,False,False,False,False,False,False
32,253,31,253,110,253,4,253,253,253,253,253,253,31,False,True,False,False,False,False,False,False,False,False,False,False
33,209,111,209,238,157,150,16,209,16,209,209,209,16,False,False,False,False,False,False,True,False,True,False,False,False
34,92,2,231,176,2,231,92,92,92,92,92,92,60,False,False,False,False,False,False,False,False,False,False,False,False
35,203,68,92,68,68,203,92,92,92,203,203,203,92,False,False,True,False,False,False,True,True,True,False,False,False
36,22,22,22,22,253,203,22,22,22,22,22,22,22,True,True,True,True,False,False,True,True,True,True,True,True
37,46,46,259,178,46,46,259,46,259,46,46,46,259,False,False,True,False,False,False,True,False,True,False,False,False
38,28,267,28,28,267,28,28,28,28,28,28,28,267,False,True,False,False,True,False,False,False,False,False,False,False
39,258,7,258,258,7,258,258,258,258,258,258,258,23,False,False,False,False,False,False,False,False,False,False,False,False
40,178,178,178,178,42,178,178,178,178,178,178,178,42,False,False,False,False,True,False,False,False,False,False,False,False
41,157,157,157,157,157,157,157,157,157,157,157,157,157,True,True,True,True,True,True,True,True,True,True,True,True
0,95,2,95,47,47,2,2,2,95,95,95,95,250,False,False,False,False,False,False,False,False,False,False,False,False
1,184,52,4,178,206,52,52,52,4,184,184,184,124,False,False,False,False,False,False,False,False,False,False,False,False
2,95,91,120,120,253,91,91,91,120,95,95,95,175,False,False,False,False,False,False,False,False,False,False,False,False
3,124,2,222,165,206,2,2,2,222,124,124,124,124,True,False,False,False,False,False,False,False,False,True,True,True
4,17,17,17,157,157,17,17,17,72,17,17,17,236,False,False,False,False,False,False,False,False,False,False,False,False
5,31,2,91,62,184,91,2,2,91,31,31,31,31,True,False,False,False,False,False,False,False,False,True,True,True
6,120,3,65,119,120,257,3,3,65,120,120,120,119,False,False,False,True,False,False,False,False,False,False,False,False
7,234,234,234,244,244,234,234,234,158,234,234,234,10,False,False,False,False,False,False,False,False,False,False,False,False
8,220,2,46,46,224,46,2,2,46,220,220,220,220,True,False,False,False,False,False,False,False,False,True,True,True
9,4,77,4,77,4,4,77,77,4,4,4,4,64,False,False,False,False,False,False,False,False,False,False,False,False
10,231,91,231,91,271,231,91,91,231,231,231,231,271,False,False,False,False,True,False,False,False,False,False,False,False
11,222,2,62,62,2,222,2,2,62,222,222,222,222,True,False,False,False,False,True,False,False,False,True,True,True
12,17,17,17,17,262,17,17,17,17,17,17,17,17,True,True,True,True,False,True,True,True,True,True,True,True
13,236,236,236,236,236,236,236,236,236,236,236,236,236,True,True,True,True,True,True,True,True,True,True,True,True
14,209,34,16,209,271,271,34,34,16,209,209,209,189,False,False,False,False,False,False,False,False,False,False,False,False
15,92,6,49,77,221,49,229,6,49,92,92,92,85,False,False,False,False,False,False,False,False,False,False,False,False
16,24,24,157,157,42,232,157,24,24,24,24,24,220,False,False,False,False,False,False,False,False,False,False,False,False
17,220,166,187,120,84,232,120,166,187,220,220,220,220,True,False,False,False,False,False,False,False,False,True,True,True
18,203,124,203,140,140,203,203,124,203,203,203,203,45,False,False,False,False,False,False,False,False,False,False,False,False
19,143,143,214,244,198,214,244,143,214,143,143,143,143,True,True,False,False,False,False,False,True,False,True,True,True
20,184,6,6,91,199,222,222,6,6,184,184,184,185,False,False,False,False,False,False,False,False,False,False,False,False
21,149,2,222,222,149,222,222,2,222,149,149,149,149,True,False,False,False,True,False,False,False,False,True,True,True
22,271,167,271,167,60,271,167,167,271,271,271,271,60,False,False,False,False,True,False,False,False,False,False,False,False
23,215,77,215,77,217,77,77,77,215,215,215,215,60,False,False,False,False,False,False,False,False,False,False,False,False
24,92,92,158,92,42,92,92,92,158,92,92,92,42,False,False,False,False,True,False,False,False,False,False,False,False
25,120,120,232,120,122,232,120,120,232,120,120,120,232,False,False,True,False,False,True,False,False,True,False,False,False
26,231,231,231,231,231,231,231,231,231,231,231,231,161,False,False,False,False,False,False,False,False,False,False,False,False
27,242,242,242,242,242,242,242,242,242,242,242,242,242,True,True,True,True,True,True,True,True,True,True,True,True
28,27,27,188,238,27,271,238,27,188,27,27,27,175,False,False,False,False,False,False,False,False,False,False,False,False
29,255,1,255,1,6,224,1,1,255,255,255,255,141,False,False,False,False,False,False,False,False,False,False,False,False
30,157,72,229,157,229,49,157,157,229,157,157,157,229,False,False,True,False,True,False,False,False,True,False,False,False
31,255,22,255,22,267,4,255,255,255,255,255,255,255,True,False,True,False,False,False,True,True,True,True,True,True
32,231,217,196,228,185,231,228,228,196,231,231,231,260,False,False,False,False,False,False,False,False,False,False,False,False
33,203,165,233,233,73,203,233,233,233,203,203,203,73,False,False,False,False,True,False,False,False,False,False,False,False
34,103,72,188,228,208,188,228,228,188,103,103,103,196,False,False,False,False,False,False,False,False,False,False,False,False
35,92,4,92,4,60,4,4,92,92,92,92,92,92,True,False,True,False,False,False,False,True,True,True,True,True
36,80,30,188,80,271,271,80,80,188,80,80,80,188,False,False,True,False,False,False,False,False,True,False,False,False
37,215,1,195,1,122,6,1,1,195,215,215,215,122,False,False,False,False,True,False,False,False,False,False,False,False
38,161,206,161,206,208,206,161,161,161,161,161,161,208,False,False,False,False,True,False,False,False,False,False,False,False
39,267,268,268,268,268,268,268,268,268,267,267,267,267,True,False,False,False,False,False,False,False,False,True,True,True
40,267,267,267,0,267,267,267,267,267,267,267,267,267,True,True,True,False,True,True,True,True,True,True,True,True
41,228,228,228,228,228,228,228,228,228,228,228,228,228,True,True,True,True,True,True,True,True,True,True,True,True
0,140,22,140,142,149,22,22,22,140,140,140,140,170,False,False,False,False,False,False,False,False,False,False,False,False
1,184,72,260,120,151,72,72,72,149,184,184,184,175,False,False,False,False,False,False,False,False,False,False,False,False
2,140,77,140,165,211,77,77,77,140,140,140,140,20,False,False,False,False,False,False,False,False,False,False,False,False
3,4,47,229,47,229,47,47,47,229,4,4,4,269,False,False,False,False,False,False,False,False,False,False,False,False
4,215,2,2,228,2,2,2,2,2,215,215,215,97,False,False,False,False,False,False,False,False,False,False,False,False
5,142,142,56,142,167,243,142,142,56,142,142,142,142,True,True,False,True,False,False,True,True,False,True,True,True
6,80,30,215,80,232,107,30,30,215,80,80,80,80,True,False,False,True,False,False,False,False,False,True,True,True
7,242,200,242,110,242,242,200,200,242,242,242,242,56,False,False,False,False,False,False,False,False,False,False,False,False
8,149,149,149,149,148,20,149,149,149,149,149,149,267,False,False,False,False,False,False,False,False,False,False,False,False
9,149,149,149,56,28,158,149,149,149,149,149,149,56,False,False,False,True,False,False,False,False,False,False,False,False
10,4,165,4,165,4,165,165,165,4,4,4,4,232,False,False,False,False,False,False,False,False,False,False,False,False
11,229,229,229,178,178,229,229,229,229,229,229,229,178,False,False,False,True,True,False,False,False,False,False,False,False
12,161,228,161,228,228,161,228,228,161,161,161,161,161,True,False,True,False,False,True,False,False,True,True,True,True
13,57,57,57,57,57,57,57,57,57,57,57,57,57,True,True,True,True,True,True,True,True,True,True,True,True
14,95,17,17,94,77,242,17,17,17,95,95,95,269,False,False,False,False,False,False,False,False,False,False,False,False
15,80,6,80,94,80,242,268,6,80,80,80,80,240,False,False,False,False,False,False,False,False,False,False,False,False
16,67,67,67,119,178,67,191,67,67,67,67,67,119,False,False,False,True,False,False,False,False,False,False,False,False
17,255,77,244,244,214,242,271,77,244,255,255,255,260,False,False,False,False,False,False,False,False,False,False,False,False
18,22,22,22,157,267,20,191,22,22,22,22,22,157,False,False,False,True,False,False,False,False,False,False,False,False
19,248,53,53,86,236,248,53,53,53,248,248,248,236,False,False,False,False,True,False,False,False,False,False,False,False
20,229,145,149,244,149,149,232,145,149,229,229,229,145,False,True,False,False,False,False,False,True,False,False,False,False
21,17,17,17,17,222,72,17,17,72,17,17,17,42,False,False,False,False,False,False,False,False,False,False,False,False
22,17,17,17,17,161,242,17,17,242,17,17,17,30,False,False,False,False,False,False,False,False,False,False,False,False
23,214,77,214,77,208,214,214,77,214,214,214,214,208,False,False,False,False,True,False,False,False,False,False,False,False
24,154,154,154,154,163,154,154,154,218,154,154,154,218,False,False,False,False,False,False,False,False,True,False,False,False
25,143,77,143,77,77,143,271,77,143,143,143,143,143,True,False,True,False,False,True,False,False,True,True,True,True
26,198,198,198,0,198,198,198,198,198,198,198,198,198,True,True,True,False,True,True,True,True,True,True,True,True
27,57,57,57,57,57,57,57,57,57,57,57,57,57,True,True,True,True,True,True,True,True,True,True,True,True
28,238,24,16,238,177,24,217,24,16,238,238,238,238,True,False,False,True,False,False,False,False,False,True,True,True
29,203,1,188,119,1,215,203,1,188,203,203,203,128,False,False,False,False,False,False,False,False,False,False,False,False
30,226,21,156,142,269,105,226,142,156,226,226,226,226,True,False,False,False,False,False,True,False,False,True,True,True
31,195,21,205,167,247,195,205,167,205,195,195,195,113,False,False,False,False,False,False,False,False,False,False,False,False
32,157,2,92,157,253,107,253,157,92,157,157,157,108,False,False,False,False,False,False,False,False,False,False,False,False
33,220,154,154,119,154,20,205,119,154,220,220,220,220,True,False,False,False,False,False,False,False,False,True,True,True
34,248,2,248,192,2,105,4,192,248,248,248,248,269,False,False,False,False,False,False,False,False,False,False,False,False
35,72,2,259,206,269,72,206,72,259,72,72,72,269,False,False,False,False,True,False,False,False,False,False,False,False
36,67,67,67,91,134,67,91,67,67,67,67,67,221,False,False,False,False,False,False,False,False,False,False,False,False
37,188,1,188,1,84,188,188,1,188,188,188,188,198,False,False,False,False,False,False,False,False,False,False,False,False
38,188,156,188,188,188,188,188,188,188,188,188,188,269,False,False,False,False,False,False,False,False,False,False,False,False
39,167,30,167,167,167,167,167,167,167,167,167,167,178,False,False,False,False,False,False,False,False,False,False,False,False
40,92,92,92,92,198,92,92,92,92,92,92,92,198,False,False,False,False,True,False,False,False,False,False,False,False
41,20,20,20,20,20,20,20,20,20,20,20,20,20,True,True,True,True,True,True,True,True,True,True,True,True
0,96,1,96,96,176,1,1,1,96,96,96,96,124,False,False,False,False,False,False,False,False,False,False,False,False
1,69,2,69,143,220,2,2,2,69,69,69,69,69,True,False,True,False,False,False,False,False,True,True,True,True
2,255,103,238,238,123,103,103,103,238,255,255,255,255,True,False,False,False,False,False,False,False,False,True,True,True
3,94,94,215,94,246,94,94,94,215,94,94,94,19,False,False,False,False,False,False,False,False,False,False,False,False
4,24,24,24,182,253,24,24,24,24,24,24,24,70,False,False,False,False,False,False,False,False,False,False,False,False
5,184,184,229,186,187,184,184,184,229,184,184,184,253,False,False,False,False,False,False,False,False,False,False,False,False
6,238,80,271,238,123,271,80,80,238,238,238,238,256,False,False,False,False,False,False,False,False,False,False,False,False
7,69,17,69,157,69,24,17,17,69,69,69,69,69,True,False,True,False,True,False,False,False,True,True,True,True
8,1,1,1,1,163,243,1,1,1,1,1,1,205,False,False,False,False,False,False,False,False,False,False,False,False
9,2,2,205,205,2,2,2,2,205,2,2,2,123,False,False,False,False,False,False,False,False,False,False,False,False
10,167,167,167,167,164,222,167,167,222,167,167,167,222,False,False,False,False,False,True,False,False,True,False,False,False
11,92,92,92,92,161,92,92,92,92,92,92,92,92,True,True,True,True,False,True,True,True,True,True,True,True
12,205,205,205,205,205,205,205,205,205,205,205,205,23,False,False,False,False,False,False,False,False,False,False,False,False
13,229,229,229,229,229,229,229,229,229,229,229,229,229,True,True,True,True,True,True,True,True,True,True,True,True
14,102,5,102,209,101,67,5,5,102,102,102,102,102,True,False,True,False,False,False,False,False,True,True,True,True
15,209,31,31,209,177,177,149,31,31,209,209,209,177,False,False,False,False,True,True,False,False,False,False,False,False
16,79,6,24,165,224,24,6,6,24,79,79,79,79,True,False,False,False,False,False,False,False,False,True,True,True
17,157,30,143,157,221,103,143,30,143,157,157,157,56,False,False,False,False,False,False,False,False,False,False,False,False
18,103,12,103,12,12,103,62,12,103,103,103,103,85,False,False,False,False,False,False,False,False,False,False,False,False
19,140,22,103,119,181,103,140,22,103,140,140,140,256,False,False,False,False,False,False,False,False,False,False,False,False
20,143,143,231,32,231,143,143,143,231,143,143,143,231,False,False,True,False,True,False,False,False,True,False,False,False
21,203,22,184,186,164,184,22,22,184,203,203,203,150,False,False,False,False,False,False,False,False,False,False,False,False
22,247,72,247,101,247,247,259,72,247,247,247,247,46,False,False,False,False,False,False,False,False,False,False,False,False
23,157,149,20,157,157,20,149,149,20,157,157,157,149,False,True,False,False,False,False,True,True,False,False,False,False
24,24,24,24,268,57,24,28,24,24,24,24,24,268,False,False,False,True,False,False,False,False,False,False,False,False
25,247,30,247,247,247,247,247,30,247,247,247,247,148,False,False,False,False,False,False,False,False,False,False,False,False
26,165,165,257,165,165,165,257,165,257,165,165,165,257,False,False,True,False,False,False,True,False,True,False,False,False
27,140,140,140,140,140,140,140,140,140,140,140,140,140,True,True,True,True,True,True,True,True,True,True,True,True
28,76,0,17,110,195,76,0,0,17,76,76,76,76,True,False,False,False,False,True,False,False,False,True,True,True
29,24,24,271,157,243,24,149,24,271,24,24,24,271,False,False,True,False,False,False,False,False,True,False,False,False
30,140,91,140,86,91,242,140,242,140,140,140,140,146,False,False,False,False,False,False,False,False,False,False,False,False
31,47,6,6,47,57,72,6,72,6,47,47,47,70,False,False,False,False,False,False,False,False,False,False,False,False
32,203,74,143,238,143,247,143,247,143,203,203,203,203,True,False,False,False,False,False,False,False,False,True,True,True
33,203,149,149,176,7,149,149,149,149,203,203,203,256,False,False,False,False,False,False,False,False,False,False,False,False
34,238,1,238,238,238,187,238,187,238,238,238,238,232,False,False,False,False,False,False,False,False,False,False,False,False
35,253,62,253,62,16,20,253,20,253,253,253,253,256,False,False,False,False,False,False,False,False,False,False,False,False
36,17,17,17,17,257,181,17,181,215,17,17,17,17,True,True,True,True,False,False,True,False,False,True,True,True
37,157,91,149,157,157,243,149,243,149,157,157,157,91,False,True,False,False,False,False,False,False,False,False,False,False
38,140,140,205,140,205,140,140,140,205,140,140,140,205,False,False,True,False,True,False,False,False,True,False,False,False
39,6,6,6,200,206,6,6,6,6,6,6,6,200,False,False,False,True,False,False,False,False,False,False,False,False
40,247,247,247,247,109,247,247,247,247,247,247,247,109,False,False,False,False,True,False,False,False,False,False,False,False
41,222,222,222,222,222,222,222,222,222,222,222,222,222,True,True,True,True,True,True,True,True,True,True,True,True
0,248,62,248,119,193,62,62,62,248,248,248,248,233,False,False,False,False,False,False,False,False,False,False,False,False
1,143,107,143,142,98,107,107,107,143,143,143,143,98,False,False,False,False,True,False,False,False,False,False,False,False
2,209,107,209,209,23,107,107,107,209,209,209,209,110,False,False,False,False,False,False,False,False,False,False,False,False
3,96,96,96,96,243,96,96,96,96,96,96,96,96,True,True,True,True,False,True,True,True,True,True,True,True
4,4,89,89,86,198,89,89,89,89,4,4,4,98,False,False,False,False,False,False,False,False,False,False,False,False
5,67,67,67,86,231,28,67,67,67,67,67,67,86,False,False,False,True,False,False,False,False,False,False,False,False
6,92,167,222,167,224,92,167,167,222,92,92,92,10,False,False,False,False,False,False,False,False,False,False,False,False
7,238,67,4,238,157,129,67,67,4,238,238,238,238,True,False,False,True,False,False,False,False,False,True,True,True
8,248,62,248,62,242,248,62,62,248,248,248,248,248,True,False,True,False,False,True,False,False,True,True,True,True
9,4,229,247,229,243,229,229,229,229,4,4,4,16,False,False,False,False,False,False,False,False,False,False,False,False
10,140,140,140,140,163,140,140,140,140,140,140,140,163,False,False,False,False,True,False,False,False,False,False,False,False
11,92,92,92,92,92,92,92,92,92,92,92,92,100,False,False,False,False,False,False,False,False,False,False,False,False
12,89,89,89,89,208,89,89,89,89,89,89,89,89,True,True,True,True,False,True,True,True,True,True,True,True
13,28,28,28,28,28,28,28,28,28,28,28,28,28,True,True,True,True,True,True,True,True,True,True,True,True
14,95,95,107,120,145,95,95,95,107,95,95,95,70,False,False,False,False,False,False,False,False,False,False,False,False
15,95,24,146,95,95,95,95,24,24,95,95,95,25,False,False,False,False,False,False,False,False,False,False,False,False
16,203,94,94,94,61,253,253,94,94,203,203,203,94,False,True,True,True,False,False,False,True,True,False,False,False
17,5,5,5,167,92,5,5,5,5,5,5,5,269,False,False,False,False,False,False,False,False,False,False,False,False
18,5,5,5,182,67,5,5,5,5,5,5,5,236,False,False,False,False,False,False,False,False,False,False,False,False
19,22,6,158,22,199,22,22,6,158,22,22,22,124,False,False,False,False,False,False,False,False,False,False,False,False
20,140,52,107,86,107,140,140,52,107,140,140,140,86,False,False,False,True,False,False,False,False,False,False,False,False
21,150,30,107,107,150,229,229,30,107,150,150,150,215,False,False,False,False,False,False,False,False,False,False,False,False
22,95,95,271,95,95,95,95,95,271,95,95,95,267,False,False,False,False,False,False,False,False,False,False,False,False
23,229,229,229,229,148,229,229,229,229,229,229,229,7,False,False,False,False,False,False,False,False,False,False,False,False
24,253,253,253,61,61,253,253,253,253,253,253,253,61,False,False,False,True,True,False,False,False,False,False,False,False
25,184,184,184,184,92,92,92,184,184,184,184,184,100,False,False,False,False,False,False,False,False,False,False,False,False
26,5,5,5,5,92,5,5,5,5,5,5,5,92,False,False,False,False,True,False,False,False,False,False,False,False
27,75,75,75,75,75,75,75,75,75,75,75,75,75,True,True,True,True,True,True,True,True,True,True,True,True
28,95,6,80,80,158,95,95,6,95,95,95,95,269,False,False,False,False,False,False,False,False,False,False,False,False
29,157,1,91,1,110,92,92,1,91,157,157,157,110,False,False,False,False,True,False,False,False,False,False,False,False
30,238,6,6,238,238,6,6,238,6,238,238,238,202,False,False,False,False,False,False,False,False,False,False,False,False
31,140,1,140,80,149,140,140,80,140,140,140,140,269,False,False,False,False,False,False,False,False,False,False,False,False
32,95,5,95,246,29,95,95,246,95,95,95,95,246,False,False,False,True,False,False,False,True,False,False,False,False
33,5,5,24,246,5,5,5,111,5,5,5,5,111,False,False,False,False,False,False,False,True,False,False,False,False
34,95,53,95,53,95,95,95,95,95,95,95,95,42,False,False,False,False,False,False,False,False,False,False,False,False
35,95,2,95,17,17,95,95,95,95,95,95,95,221,False,False,False,False,False,False,False,False,False,False,False,False
36,95,6,95,244,181,95,95,244,95,95,95,95,10,False,False,False,False,False,False,False,False,False,False,False,False
37,157,157,263,157,263,92,92,157,215,157,157,157,157,True,True,False,True,False,False,False,True,False,True,True,True
38,6,6,6,62,199,6,6,6,6,6,6,6,7,False,False,False,False,False,False,False,False,False,False,False,False
39,140,1,140,1,140,140,140,1,140,140,140,140,1,False,True,False,True,False,False,False,True,False,False,False,False
40,259,30,259,259,30,259,259,259,259,259,259,259,30,False,True,False,False,True,False,False,False,False,False,False,False
41,5,5,5,5,5,5,5,5,5,5,5,5,5,True,True,True,True,True,True,True,True,True,True,True,True
0,264,33,264,264,129,33,33,33,264,264,264,264,264,True,False,True,True,False,False,False,False,True,True,True,True
1,209,2,49,209,217,2,2,2,49,209,209,209,209,True,False,False,True,False,False,False,False,False,True,True,True
2,238,6,188,238,271,6,6,6,188,238,238,238,132,False,False,False,False,False,False,False,False,False,False,False,False
3,231,149,231,182,260,149,149,149,182,231,231,231,54,False,False,False,False,False,False,False,False,False,False,False,False
4,24,2,24,86,67,2,2,2,24,24,24,24,36,False,False,False,False,False,False,False,False,False,False,False,False
5,95,95,222,167,95,181,95,95,222,95,95,95,181,False,False,False,False,False,True,False,False,False,False,False,False
6,17,17,20,244,25,20,17,17,20,17,17,17,25,False,False,False,False,True,False,False,False,False,False,False,False
7,140,140,232,140,232,247,140,140,140,140,140,140,243,False,False,False,False,False,False,False,False,False,False,False,False
8,157,91,46,157,157,181,91,91,46,157,157,157,181,False,False,False,False,False,True,False,False,False,False,False,False
9,2,2,10,91,91,2,2,2,10,2,2,2,2,True,True,False,False,False,True,True,True,False,True,True,True
10,6,6,181,6,6,181,6,6,181,6,6,6,181,False,False,True,False,False,True,False,False,True,False,False,False
11,182,182,182,182,35,182,182,182,182,182,182,182,182,True,True,True,True,False,True,True,True,True,True,True,True
12,2,2,2,2,161,2,2,2,161,2,2,2,2,True,True,True,True,False,True,True,True,False,True,True,True
13,222,222,222,222,222,222,222,222,222,222,222,222,222,True,True,True,True,True,True,True,True,True,True,True,True
14,18,6,24,192,206,24,6,6,24,18,18,18,116,False,False,False,False,False,False,False,False,False,False,False,False
15,231,21,231,142,195,195,253,21,231,231,231,231,195,False,False,False,False,True,True,False,False,False,False,False,False
16,184,143,184,182,45,184,143,143,184,184,184,184,243,False,False,False,False,False,False,False,False,False,False,False,False
17,8,8,229,8,231,158,229,8,229,8,8,8,8,True,True,False,True,False,False,False,True,False,True,True,True
18,140,94,140,245,236,195,140,94,140,140,140,140,245,False,False,False,True,False,False,False,False,False,False,False,False
19,184,1,154,1,53,184,154,1,154,184,184,184,105,False,False,False,False,False,False,False,False,False,False,False,False
20,238,129,242,238,163,242,129,129,242,238,238,238,242,False,False,True,False,False,True,False,False,True,False,False,False
21,203,203,238,238,267,238,151,203,238,203,203,203,238,False,False,True,True,False,True,False,False,True,False,False,False
22,67,6,67,6,185,67,253,6,67,67,67,67,67,True,False,True,False,False,True,False,False,True,True,True,True
23,205,236,205,205,205,81,205,236,205,205,205,205,81,False,False,False,False,False,True,False,False,False,False,False,False
24,143,143,215,143,148,215,143,143,215,143,143,143,143,True,True,False,True,False,False,True,True,False,True,True,True
25,124,30,124,0,124,124,124,30,124,124,124,124,30,False,True,False,False,False,False,False,True,False,False,False,False
26,268,268,28,268,268,28,28,268,28,268,268,268,268,True,True,False,True,True,False,False,True,False,True,True,True
27,215,215,215,215,215,215,215,215,215,215,215,215,215,True,True,True,True,True,True,True,True,True,True,True,True
28,95,62,95,228,149,19,95,62,95,95,95,95,19,False,False,False,False,False,True,False,False,False,False,False,False
29,255,30,80,80,167,247,255,30,80,255,255,255,19,False,False,False,False,False,False,False,False,False,False,False,False
30,255,1,255,80,149,243,255,13,255,255,255,255,80,False,False,False,True,False,False,False,False,False,False,False,False
31,209,22,22,238,238,24,22,10,22,209,209,209,209,True,False,False,False,False,False,False,False,False,True,True,True
32,203,1,140,1,269,243,140,156,1,203,203,203,61,False,False,False,False,False,False,False,False,False,False,False,False
33,31,6,31,142,142,242,6,31,31,31,31,31,142,False,False,False,True,True,False,False,False,False,False,False,False
34,232,247,198,232,87,247,232,198,198,232,232,232,158,False,False,False,False,False,False,False,False,False,False,False,False
35,229,6,229,165,229,229,229,30,229,229,229,229,165,False,False,False,True,False,False,False,False,False,False,False,False
36,231,149,149,160,196,149,149,196,149,231,231,231,42,False,False,False,False,False,False,False,False,False,False,False,False
37,167,30,236,167,236,247,167,236,247,167,167,167,247,False,False,False,False,False,True,False,False,True,False,False,False
38,229,229,229,229,243,243,229,161,229,229,229,229,243,False,False,False,False,True,True,False,False,False,False,False,False
39,24,24,24,24,24,24,24,161,24,24,24,24,24,True,True,True,True,True,True,True,False,True,True,True,True
40,140,140,140,140,156,140,140,156,140,140,140,140,140,True,True,True,True,False,True,True,False,True,True,True,True
41,156,156,156,156,156,156,156,156,156,156,156,156,156,True,True,True,True,True,True,True,True,True,True,True,True
0,184,33,184,142,184,33,33,33,184,184,184,184,108,False,False,False,False,False,False,False,False,False,False,False,False
1,69,18,184,119,18,18,18,18,184,69,69,69,18,False,True,False,False,True,True,True,True,False,False,False,False
2,271,165,188,178,188,165,165,165,188,271,271,271,168,False,False,False,False,False,False,False,False,False,False,False,False
3,55,55,105,55,188,55,55,55,105,55,55,55,271,False,False,False,False,False,False,False,False,False,False,False,False
4,248,30,222,107,107,30,30,30,222,248,248,248,222,False,False,True,False,False,False,False,False,True,False,False,False
5,209,30,92,209,30,215,30,30,184,209,209,209,214,False,False,False,False,False,False,False,False,False,False,False,False
6,220,6,72,200,231,220,6,6,72,220,220,220,214,False,False,False,False,False,False,False,False,False,False,False,False
7,184,67,184,184,60,60,67,67,60,184,184,184,42,False,False,False,False,False,False,False,False,False,False,False,False
8,184,72,184,77,184,163,72,72,184,184,184,184,163,False,False,False,False,False,True,False,False,False,False,False,False
9,184,107,271,107,184,161,107,107,271,184,184,184,161,False,False,False,False,False,True,False,False,False,False,False,False
10,188,187,188,187,267,267,187,187,188,188,188,188,267,False,False,False,False,True,True,False,False,False,False,False,False
11,188,91,91,91,91,188,91,91,91,188,188,188,91,False,True,True,True,True,False,True,True,True,False,False,False
12,267,267,267,0,42,267,267,267,267,267,267,267,42,False,False,False,False,True,False,False,False,False,False,False,False
13,30,30,30,30,30,30,30,30,30,30,30,30,30,True,True,True,True,True,True,True,True,True,True,True,True
14,4,2,72,178,228,260,2,2,72,4,4,4,260,False,False,False,False,False,True,False,False,False,False,False,False
15,95,95,97,157,46,97,19,95,97,95,95,95,268,False,False,False,False,False,False,False,False,False,False,False,False
16,192,2,17,192,16,194,67,2,67,192,192,192,49,False,False,False,False,False,False,False,False,False,False,False,False
17,119,77,158,119,46,119,158,77,158,119,119,119,35,False,False,False,False,False,False,False,False,False,False,False,False
18,271,107,4,107,81,97,107,107,4,271,271,271,97,False,False,False,False,False,True,False,False,False,False,False,False
19,55,22,55,157,187,267,20,22,55,55,55,55,55,True,False,True,False,False,False,False,False,True,True,True,True
20,154,91,205,91,60,267,243,91,205,154,154,154,204,False,False,False,False,False,False,False,False,False,False,False,False
21,156,156,253,244,244,156,156,156,253,156,156,156,218,False,False,False,False,False,False,False,False,False,False,False,False
22,4,2,2,244,28,188,2,2,2,4,4,4,4,True,False,False,False,False,False,False,False,False,True,True,True
23,132,132,57,132,7,57,132,132,132,132,132,132,123,False,False,False,False,False,False,False,False,False,False,False,False
24,167,167,16,167,16,163,16,167,16,167,167,167,163,False,False,False,False,False,True,False,False,False,False,False,False
25,232,77,65,77,77,232,65,77,65,232,232,232,77,False,True,False,True,True,False,False,True,False,False,False,False
26,4,4,4,4,205,4,4,4,4,4,4,4,4,True,True,True,True,False,True,True,True,True,True,True,True
27,253,253,253,253,253,253,253,253,253,253,253,253,253,True,True,True,True,True,True,True,True,True,True,True,True
28,27,1,1,1,16,57,27,1,196,27,27,27,98,False,False,False,False,False,False,False,False,False,False,False,False
29,80,52,184,80,243,57,184,52,184,80,80,80,224,False,False,False,False,False,False,False,False,False,False,False,False
30,248,0,105,246,105,270,105,105,105,248,248,248,191,False,False,False,False,False,False,False,False,False,False,False,False
31,103,2,188,119,144,260,103,103,103,103,103,103,54,False,False,False,False,False,False,False,False,False,False,False,False
32,0,0,0,80,263,164,20,20,0,0,0,0,164,False,False,False,False,False,True,False,False,False,False,False,False
33,89,6,52,52,60,267,52,52,52,89,89,89,214,False,False,False,False,False,False,False,False,False,False,False,False
34,184,6,188,178,194,194,184,184,188,184,184,184,194,False,False,False,False,True,True,False,False,False,False,False,False
35,220,30,129,182,129,220,215,182,129,220,220,220,257,False,False,False,False,False,False,False,False,False,False,False,False
36,67,67,67,46,46,57,67,67,67,67,67,67,271,False,False,False,False,False,False,False,False,False,False,False,False
37,184,167,184,167,243,167,184,184,184,184,184,184,205,False,False,False,False,False,False,False,False,False,False,False,False
38,248,62,248,62,248,57,248,248,248,248,248,248,92,False,False,False,False,False,False,False,False,False,False,False,False
39,188,2,247,188,188,188,247,247,247,188,188,188,188,True,False,False,True,True,True,False,False,False,True,True,True
40,20,20,20,20,20,20,20,20,20,20,20,20,20,True,True,True,True,True,True,True,True,True,True,True,True
41,30,30,30,30,30,30,30,30,30,30,30,30,30,True,True,True,True,True,True,True,True,True,True,True,True
0,209,77,209,209,107,77,77,77,209,209,209,209,111,False,False,False,False,False,False,False,False,False,False,False,False
1,203,91,97,245,178,91,91,91,97,203,203,203,245,False,False,False,True,False,False,False,False,False,False,False,False
2,234,2,195,94,167,2,2,2,195,234,234,234,12,False,False,False,False,False,False,False,False,False,False,False,False
3,80,30,149,80,48,30,30,30,149,80,80,80,80,True,False,False,True,False,False,False,False,False,True,True,True
4,203,1,181,1,203,1,1,1,181,203,203,203,165,False,False,False,False,False,False,False,False,False,False,False,False
5,17,1,247,1,186,1,1,1,253,17,17,17,178,False,False,False,False,False,False,False,False,False,False,False,False
6,140,52,231,110,163,110,52,52,231,140,140,140,110,False,False,False,True,False,True,False,False,False,False,False,False
7,167,72,72,167,167,167,72,72,72,167,167,167,167,True,False,False,True,True,True,False,False,False,True,True,True
8,107,77,107,77,28,107,77,77,107,107,107,107,107,True,False,True,False,False,True,False,False,True,True,True,True
9,203,91,187,91,203,203,91,91,187,203,203,203,203,True,False,False,False,True,True,False,False,False,True,True,True
10,167,167,187,167,224,167,167,167,187,167,167,167,224,False,False,False,False,True,False,False,False,False,False,False,False
11,246,46,246,246,42,246,46,46,246,246,246,246,42,False,False,False,False,True,False,False,False,False,False,False,False
12,1,1,1,1,228,1,1,1,1,1,1,1,1,True,True,True,True,False,True,True,True,True,True,True,True
13,1,1,1,1,1,1,1,1,1,1,1,1,1,True,True,True,True,True,True,True,True,True,True,True,True
14,264,94,150,264,160,264,94,94,150,264,264,264,264,True,False,False,True,False,True,False,False,False,True,True,True
15,223,26,260,223,223,223,223,26,260,223,223,223,223,True,False,False,True,True,True,True,False,False,True,True,True
16,80,2,265,80,118,80,80,2,265,80,80,80,80,True,False,False,True,False,True,True,False,False,True,True,True
17,49,52,129,182,158,182,182,52,129,49,49,49,111,False,False,False,False,False,False,False,False,False,False,False,False
18,248,0,2,157,157,157,157,0,2,248,248,248,190,False,False,False,False,False,False,False,False,False,False,False,False
19,271,21,242,21,28,21,242,21,242,271,271,271,21,False,True,False,True,False,True,False,True,False,False,False,False
20,255,157,255,157,242,157,157,157,255,255,255,255,255,True,False,True,False,False,False,False,False,True,True,True,True
21,215,149,149,228,257,228,228,149,149,215,215,215,149,False,True,True,False,False,False,False,True,True,False,False,False
22,229,124,229,229,208,229,232,124,229,229,229,229,229,True,False,True,True,False,True,False,False,True,True,True,True
23,89,30,89,89,191,89,191,30,89,89,89,89,89,True,False,True,True,False,True,False,False,True,True,True,True
24,149,149,149,228,149,228,228,149,149,149,149,149,16,False,False,False,False,False,False,False,False,False,False,False,False
25,46,91,46,91,91,46,46,91,46,46,46,46,258,False,False,False,False,False,False,False,False,False,False,False,False
26,188,188,188,188,188,188,188,188,188,188,188,188,185,False,False,False,False,False,False,False,False,False,False,False,False
27,28,28,28,28,28,28,28,28,28,28,28,28,28,True,True,True,True,True,True,True,True,True,True,True,True
28,94,2,89,94,124,94,94,2,89,94,94,94,86,False,False,False,False,False,False,False,False,False,False,False,False
29,24,24,89,178,24,178,178,24,89,24,24,24,89,False,False,True,False,False,False,False,False,True,False,False,False
30,248,18,248,80,158,80,80,158,248,248,248,248,248,True,False,True,False,False,False,False,False,True,True,True,True
31,131,131,92,157,54,157,157,243,92,131,131,131,92,False,False,True,False,False,False,False,False,True,False,False,False
32,238,111,150,238,84,238,238,271,150,238,238,238,111,False,True,False,False,False,False,False,False,False,False,False,False
33,238,72,92,238,119,238,238,72,92,238,238,238,238,True,False,False,True,False,True,True,False,False,True,True,True
34,231,6,6,119,208,119,119,181,6,231,231,231,119,False,False,False,True,False,True,True,False,False,False,False,False
35,238,140,140,238,257,238,238,140,140,238,238,238,238,True,False,False,True,False,True,True,False,False,True,True,True
36,124,77,124,77,20,77,77,20,124,124,124,124,20,False,False,False,False,True,False,False,True,False,False,False,False
37,226,77,178,178,226,178,178,226,178,226,226,226,178,False,False,True,True,False,True,True,False,True,False,False,False
38,203,30,203,203,203,203,203,203,203,203,203,203,203,True,False,True,True,True,True,True,True,True,True,True,True
39,231,231,231,231,243,231,231,243,231,231,231,231,231,True,True,True,True,False,True,True,False,True,True,True,True
40,224,224,224,224,224,224,224,224,224,224,224,224,224,True,True,True,True,True,True,True,True,True,True,True,True
41,110,110,110,110,110,110,110,110,110,110,110,110,110,True,True,True,True,True,True,True,True,True,True,True,True
0,255,0,255,246,103,0,0,0,255,255,255,255,0,False,True,False,False,False,True,True,True,False,False,False,False
1,67,2,67,110,30,2,2,2,67,67,67,67,256,False,False,False,False,False,False,False,False,False,False,False,False
2,140,2,140,228,87,2,2,2,203,140,140,140,87,False,False,False,False,True,False,False,False,False,False,False,False
3,95,30,86,86,134,30,30,30,86,95,95,95,95,True,False,False,False,False,False,False,False,False,True,True,True
4,67,67,16,80,164,67,67,67,16,67,67,67,56,False,False,False,False,False,False,False,False,False,False,False,False
5,89,68,89,68,89,89,68,68,89,89,89,89,89,True,False,True,False,True,True,False,False,True,True,True,True
6,89,77,89,142,77,89,77,77,221,89,89,89,77,False,True,False,False,True,False,True,True,False,False,False,False
7,184,184,119,119,236,184,184,184,119,184,184,184,214,False,False,False,False,False,False,False,False,False,False,False,False
8,255,255,178,246,246,255,255,255,178,255,255,255,255,True,True,False,False,False,True,True,True,False,True,True,True
9,89,30,4,4,4,89,30,30,4,89,89,89,4,False,False,True,True,True,False,False,False,True,False,False,False
10,184,2,184,228,163,184,2,2,184,184,184,184,228,False,False,False,True,False,False,False,False,False,False,False,False
11,196,30,196,196,196,196,30,30,196,196,196,196,196,True,False,True,True,True,True,False,False,True,True,True,True
12,57,57,57,0,164,57,57,57,57,57,57,57,164,False,False,False,False,True,False,False,False,False,False,False,False
13,57,57,57,57,57,57,57,57,57,57,57,57,57,True,True,True,True,True,True,True,True,True,True,True,True
14,143,17,242,209,74,242,17,17,242,143,143,143,74,False,False,False,False,True,False,False,False,False,False,False,False
15,184,184,184,186,16,184,184,184,184,184,184,184,87,False,False,False,False,False,False,False,False,False,False,False,False
16,184,167,16,167,16,184,184,167,16,184,184,184,191,False,False,False,False,False,False,False,False,False,False,False,False
17,67,67,149,178,149,67,67,67,149,67,67,67,204,False,False,False,False,False,False,False,False,False,False,False,False
18,184,33,184,244,185,184,184,33,184,184,184,184,123,False,False,False,False,False,False,False,False,False,False,False,False
19,253,231,253,119,122,253,231,231,253,253,253,253,231,False,True,False,False,False,False,True,True,False,False,False,False
20,203,6,6,167,196,203,203,6,6,203,203,203,203,True,False,False,False,False,True,True,False,False,True,True,True
21,140,140,140,120,140,140,140,140,214,140,140,140,140,True,True,True,False,True,True,True,True,False,True,True,True
22,143,17,203,17,222,143,203,17,203,143,143,143,17,False,True,False,True,False,False,False,True,False,False,False,False
23,184,184,184,184,184,184,184,184,184,184,184,184,28,False,False,False,False,False,False,False,False,False,False,False,False
24,232,222,222,222,198,232,232,222,222,232,232,232,222,False,True,True,True,False,False,False,True,True,False,False,False
25,65,28,65,65,28,65,28,28,65,65,65,65,28,False,True,False,False,True,False,True,True,False,False,False,False
26,228,33,228,228,228,228,228,33,228,228,228,228,33,False,True,False,False,False,False,False,True,False,False,False,False
27,208,208,208,208,208,208,208,208,208,208,208,208,208,True,True,True,True,True,True,True,True,True,True,True,True
28,89,8,89,8,42,195,89,8,89,89,89,89,112,False,False,False,False,False,False,False,False,False,False,False,False
29,130,8,8,8,84,103,130,8,103,130,130,130,130,True,False,False,False,False,False,True,False,False,True,True,True
30,140,67,140,80,220,140,140,140,140,140,140,140,16,False,False,False,False,False,False,False,False,False,False,False,False
31,190,24,24,157,52,24,190,190,24,190,190,190,190,True,False,False,False,False,False,True,True,False,True,True,True
32,24,24,24,142,167,24,24,24,24,24,24,24,143,False,False,False,False,False,False,False,False,False,False,False,False
33,15,15,15,47,149,15,15,15,15,15,15,15,15,True,True,True,False,False,True,True,True,True,True,True,True
34,149,80,149,80,149,149,149,80,4,149,149,149,4,False,False,False,False,False,False,False,False,True,False,False,False
35,129,2,129,142,129,2,129,157,129,129,129,129,222,False,False,False,False,False,False,False,False,False,False,False,False
36,157,91,157,157,191,157,157,157,157,157,157,157,191,False,False,False,False,True,False,False,False,False,False,False,False
37,92,221,92,229,229,92,92,92,92,92,92,92,229,False,False,False,True,True,False,False,False,False,False,False,False
38,140,140,140,165,140,140,140,140,140,140,140,140,140,True,True,True,False,True,True,True,True,True,True,True,True
39,143,143,143,143,143,143,143,143,143,143,143,143,143,True,True,True,True,True,True,True,True,True,True,True,True
40,167,167,167,167,167,167,167,167,167,167,167,167,86,False,False,False,False,False,False,False,False,False,False,False,False
41,149,149,149,149,149,149,149,149,149,149,149,149,149,True,True,True,True,True,True,True,True,True,True,True,True
0,24,24,24,245,107,24,24,24,24,24,24,24,171,False,False,False,False,False,False,False,False,False,False,False,False
1,4,2,2,165,45,2,2,2,2,4,4,4,45,False,False,False,False,True,False,False,False,False,False,False,False
2,255,67,255,143,221,67,67,67,255,255,255,255,255,True,False,True,False,False,False,False,False,True,True,True,True
3,31,17,242,110,185,17,17,17,242,31,31,31,31,True,False,False,False,False,False,False,False,False,True,True,True
4,203,2,203,178,247,2,2,2,143,203,203,203,143,False,False,False,False,False,False,False,False,True,False,False,False
5,72,72,268,77,44,72,72,72,268,72,72,72,20,False,False,False,False,False,False,False,False,False,False,False,False
6,242,21,242,21,242,242,21,21,242,242,242,242,21,False,True,False,True,False,False,True,True,False,False,False,False
7,143,143,143,165,253,247,143,143,143,143,143,143,253,False,False,False,False,True,False,False,False,False,False,False,False
8,24,24,124,107,24,24,24,24,124,24,24,24,42,False,False,False,False,False,False,False,False,False,False,False,False
9,4,2,2,165,2,2,2,2,6,4,4,4,6,False,False,False,False,False,False,False,False,True,False,False,False
10,143,67,67,143,199,67,67,67,67,143,143,143,143,True,False,False,True,False,False,False,False,False,True,True,True
11,242,222,242,222,242,242,222,222,242,242,242,242,42,False,False,False,False,False,False,False,False,False,False,False,False
12,247,2,247,2,2,247,2,2,247,247,247,247,247,True,False,True,False,False,True,False,False,True,True,True,True
13,268,268,268,268,268,268,268,268,268,268,268,268,268,True,True,True,True,True,True,True,True,True,True,True,True
14,15,0,17,233,91,67,0,0,17,15,15,15,15,True,False,False,False,False,False,False,False,False,True,True,True
15,203,62,203,68,84,107,62,62,203,203,203,203,202,False,False,False,False,False,False,False,False,False,False,False,False
16,80,2,80,80,224,2,6,2,80,80,80,80,269,False,False,False,False,False,False,False,False,False,False,False,False
17,203,2,221,182,105,103,203,2,221,203,203,203,263,False,False,False,False,False,False,False,False,False,False,False,False
18,156,156,222,222,222,158,253,156,222,156,156,156,253,False,False,False,False,False,False,True,False,False,False,False,False
19,94,89,89,94,163,195,89,89,89,94,94,94,89,False,True,True,False,False,False,True,True,True,False,False,False
20,95,53,95,157,227,95,95,53,95,95,95,95,95,True,False,True,False,False,True,True,False,True,True,True,True
21,231,77,243,77,243,243,89,77,221,231,231,231,89,False,False,False,False,False,False,True,False,False,False,False,False
22,17,17,182,182,91,182,17,17,182,17,17,17,42,False,False,False,False,False,False,False,False,False,False,False,False
23,156,156,86,86,156,156,156,156,86,156,156,156,60,False,False,False,False,False,False,False,False,False,False,False,False
24,222,2,222,222,6,2,6,2,222,222,222,222,6,False,False,False,False,True,False,True,False,False,False,False,False
25,203,2,203,17,17,2,203,2,203,203,203,203,2,False,True,False,False,False,True,False,True,False,False,False,False
26,222,222,222,222,222,222,222,222,222,222,222,222,23,False,False,False,False,False,False,False,False,False,False,False,False
27,57,57,57,57,57,57,57,57,57,57,57,57,57,True,True,True,True,True,True,True,True,True,True,True,True
28,261,22,22,261,261,195,22,22,22,261,261,261,22,False,True,True,False,False,False,True,True,True,False,False,False
29,255,67,231,80,219,67,255,67,231,255,255,255,151,False,False,False,False,False,False,False,False,False,False,False,False
30,215,1,253,1,112,2,253,2,253,215,215,215,253,False,False,True,False,False,False,True,False,True,False,False,False
31,234,52,92,120,186,184,92,184,92,234,234,234,92,False,False,True,False,False,False,True,False,True,False,False,False
32,103,33,259,86,181,103,259,103,259,103,103,103,97,False,False,False,False,False,False,False,False,False,False,False,False
33,94,94,94,94,259,195,259,195,94,94,94,94,87,False,False,False,False,False,False,False,False,False,False,False,False
34,67,62,149,62,67,67,149,67,149,67,67,67,62,False,True,False,True,False,False,False,False,False,False,False,False
35,231,129,149,86,231,215,149,149,149,231,231,231,129,False,True,False,False,False,False,False,False,False,False,False,False
36,195,52,195,52,258,195,195,195,195,195,195,195,123,False,False,False,False,False,False,False,False,False,False,False,False
37,231,231,28,231,231,231,28,231,28,231,231,231,28,False,False,True,False,False,False,True,False,True,False,False,False
38,222,2,222,222,222,2,2,2,2,222,222,222,42,False,False,False,False,False,False,False,False,False,False,False,False
39,57,206,57,206,23,57,57,57,57,57,57,57,23,False,False,False,False,True,False,False,False,False,False,False,False
40,243,243,243,243,243,243,243,243,243,243,243,243,84,False,False,False,False,False,False,False,False,False,False,False,False
41,206,206,206,206,206,206,206,206,206,206,206,206,206,True,True,True,True,True,True,True,True,True,True,True,True
0,203,2,203,119,42,2,2,2,203,203,203,203,118,False,False,False,False,False,False,False,False,False,False,False,False
1,24,8,24,8,110,8,8,8,24,24,24,24,8,False,True,False,True,False,True,True,True,False,False,False,False
2,94,6,6,94,208,6,6,6,6,94,94,94,105,False,False,False,False,False,False,False,False,False,False,False,False
3,140,17,72,17,17,17,17,17,72,140,140,140,150,False,False,False,False,False,False,False,False,False,False,False,False
4,17,2,154,17,17,2,2,2,154,17,17,17,53,False,False,False,False,False,False,False,False,False,False,False,False
5,157,30,215,182,156,215,30,30,215,157,157,157,270,False,False,False,False,False,False,False,False,False,False,False,False
6,184,124,184,165,173,184,124,124,184,184,184,184,173,False,False,False,False,True,False,False,False,False,False,False,False
7,143,6,10,167,6,247,6,6,10,143,143,143,167,False,False,False,True,False,False,False,False,False,False,False,False
8,203,2,203,203,42,2,2,2,2,203,203,203,42,False,False,False,False,True,False,False,False,False,False,False,False
9,22,22,22,22,224,22,22,22,22,22,22,22,224,False,False,False,False,True,False,False,False,False,False,False,False
10,184,6,184,184,6,184,6,6,184,184,184,184,184,True,False,True,True,False,True,False,False,True,True,True,True
11,156,156,28,28,156,156,156,156,28,156,156,156,198,False,False,False,False,False,False,False,False,False,False,False,False
12,206,206,206,206,84,206,206,206,206,206,206,206,206,True,True,True,True,False,True,True,True,True,True,True,True
13,156,156,156,156,156,156,156,156,156,156,156,156,156,True,True,True,True,True,True,True,True,True,True,True,True
14,127,80,107,80,224,107,80,80,149,127,127,127,127,True,False,False,False,False,False,False,False,False,True,True,True
15,15,15,184,238,77,184,238,15,184,15,15,15,189,False,False,False,False,False,False,False,False,False,False,False,False
16,24,1,47,47,185,24,47,1,47,24,24,24,116,False,False,False,False,False,False,False,False,False,False,False,False
17,15,1,15,1,123,2,1,1,15,15,15,15,215,False,False,False,False,False,False,False,False,False,False,False,False
18,4,146,4,182,182,181,182,146,4,4,4,4,146,False,True,False,False,False,False,False,True,False,False,False,False
19,4,30,229,167,53,229,167,30,4,4,4,4,4,True,False,False,False,False,False,False,False,True,True,True,True
20,107,107,107,107,224,107,107,107,107,107,107,107,107,True,True,True,True,False,True,True,True,True,True,True,True
21,140,2,2,53,53,2,140,2,2,140,140,140,53,False,False,False,True,True,False,False,False,False,False,False,False
22,80,80,80,80,123,149,80,80,224,80,80,80,224,False,False,False,False,False,False,False,False,True,False,False,False
23,92,72,72,77,60,72,92,72,72,92,92,92,77,False,False,False,True,False,False,False,False,False,False,False,False
24,6,6,236,6,236,6,6,6,236,6,6,6,236,False,False,True,False,True,False,False,False,True,False,False,False
25,2,2,2,2,2,2,2,2,2,2,2,2,2,True,True,True,True,True,True,True,True,True,True,True,True
26,198,198,198,0,262,198,198,198,198,198,198,198,198,True,True,True,False,False,True,True,True,True,True,True,True
27,206,206,206,206,206,206,206,206,206,206,206,206,206,True,True,True,True,True,True,True,True,True,True,True,True
28,223,6,238,238,156,187,238,6,238,223,223,223,25,False,False,False,False,False,False,False,False,False,False,False,False
29,209,130,220,209,220,158,209,130,220,209,209,209,232,False,False,False,False,False,False,False,False,False,False,False,False
30,24,24,92,182,191,24,182,92,92,24,24,24,11,False,False,False,False,False,False,False,False,False,False,False,False
31,209,187,209,209,16,187,209,16,16,209,209,209,191,False,False,False,False,False,False,False,False,False,False,False,False
32,140,30,140,140,200,67,140,140,140,140,140,140,67,False,False,False,False,False,True,False,False,False,False,False,False
33,0,0,0,17,215,82,17,0,0,0,0,0,232,False,False,False,False,False,False,False,False,False,False,False,False
34,154,91,154,86,91,243,86,154,154,154,154,154,243,False,False,False,False,False,True,False,False,False,False,False,False
35,124,89,89,91,253,105,124,89,89,124,124,124,56,False,False,False,False,False,False,False,False,False,False,False,False
36,238,6,6,238,23,187,238,6,156,238,238,238,187,False,False,False,False,False,True,False,False,False,False,False,False
37,220,188,188,205,188,188,220,188,220,220,220,220,205,False,False,False,True,False,False,False,False,False,False,False,False
38,156,156,222,222,222,247,156,185,222,156,156,156,222,False,False,True,True,True,False,False,False,True,False,False,False
39,187,187,187,187,187,187,187,187,187,187,187,187,187,True,True,True,True,True,True,True,True,True,True,True,True
40,140,30,140,140,30,140,140,140,140,140,140,140,30,False,True,False,False,True,False,False,False,False,False,False,False
41,208,208,208,208,208,208,208,208,208,208,208,208,208,True,True,True,True,True,True,True,True,True,True,True,True
0,252,1,252,1,1,1,1,1,252,252,252,252,252,True,False,True,False,False,False,False,False,True,True,True,True
1,203,2,247,110,258,2,2,2,247,203,203,203,190,False,False,False,False,False,False,False,False,False,False,False,False
2,190,142,231,142,167,142,142,142,231,190,190,190,190,True,False,False,False,False,False,False,False,False,True,True,True
3,94,91,94,94,189,91,91,91,94,94,94,94,25,False,False,False,False,False,False,False,False,False,False,False,False
4,24,24,24,119,124,24,24,24,24,24,24,24,24,True,True,True,False,False,True,True,True,True,True,True,True
5,229,91,229,167,176,229,91,91,229,229,229,229,42,False,False,False,False,False,False,False,False,False,False,False,False
6,22,22,22,142,22,22,22,22,22,22,22,22,253,False,False,False,False,False,False,False,False,False,False,False,False
7,195,6,253,200,6,195,6,6,253,195,195,195,253,False,False,True,False,False,False,False,False,True,False,False,False
8,231,1,1,1,107,107,1,1,1,231,231,231,107,False,False,False,False,True,True,False,False,False,False,False,False
9,156,2,247,178,156,247,2,2,247,156,156,156,247,False,False,True,False,False,True,False,False,True,False,False,False
10,182,167,167,182,7,182,167,167,167,182,182,182,7,False,False,False,False,True,False,False,False,False,False,False,False
11,167,167,167,167,164,244,167,167,167,167,167,167,164,False,False,False,False,True,False,False,False,False,False,False,False
12,206,30,206,206,30,206,30,30,206,206,206,206,30,False,True,False,False,True,False,True,True,False,False,False,False
13,167,167,167,167,167,167,167,167,167,167,167,167,167,True,True,True,True,True,True,True,True,True,True,True,True
14,209,3,62,209,87,195,3,3,62,209,209,209,20,False,False,False,False,False,False,False,False,False,False,False,False
15,50,2,92,178,67,50,92,2,92,50,50,50,50,True,False,False,False,False,True,False,False,False,True,True,True
16,95,72,107,120,246,107,95,72,107,95,95,95,95,True,False,False,False,False,False,True,False,False,True,True,True
17,248,1,248,1,243,243,248,1,248,248,248,248,248,True,False,True,False,False,False,True,False,True,True,True,True
18,0,0,0,244,124,177,0,0,0,0,0,0,177,False,False,False,False,False,True,False,False,False,False,False,False
19,241,62,258,62,25,241,129,62,258,241,241,241,25,False,False,False,False,True,False,False,False,False,False,False,False
20,215,30,253,244,30,195,253,30,253,215,215,215,253,False,False,True,False,False,False,True,False,True,False,False,False
21,92,6,247,6,205,247,188,6,247,92,92,92,92,True,False,False,False,False,False,False,False,False,True,True,True
22,271,3,195,62,62,195,271,3,195,271,271,271,62,False,False,False,True,True,False,False,False,False,False,False,False
23,103,2,103,101,103,103,257,2,257,103,103,103,103,True,False,True,False,True,True,False,False,False,True,True,True
24,65,200,65,200,60,65,200,200,65,65,65,65,65,True,False,True,False,False,True,False,False,True,True,True,True
25,91,30,243,91,243,243,91,30,243,91,91,91,243,False,False,True,False,True,True,False,False,True,False,False,False
26,242,242,242,242,242,242,242,242,242,242,242,242,23,False,False,False,False,False,False,False,False,False,False,False,False
27,181,181,181,181,181,181,181,181,181,181,181,181,181,True,True,True,True,True,True,True,True,True,True,True,True
28,203,2,140,86,25,2,203,2,140,203,203,203,25,False,False,False,False,True,False,False,False,False,False,False,False
29,55,6,55,246,55,184,55,6,55,55,55,55,55,True,False,True,False,True,False,True,False,True,True,True,True
30,0,0,0,94,260,247,0,0,0,0,0,0,0,True,True,True,False,False,False,True,True,True,True,True,True
31,22,22,22,94,94,193,22,22,22,22,22,22,193,False,False,False,False,False,True,False,False,False,False,False,False
32,158,91,244,244,32,158,56,56,244,158,158,158,187,False,False,False,False,False,False,False,False,False,False,False,False
33,24,24,229,182,256,24,229,229,229,24,24,24,24,True,True,False,False,False,True,False,False,False,True,True,True
34,143,143,143,165,4,195,143,143,143,143,143,143,65,False,False,False,False,False,False,False,False,False,False,False,False
35,158,215,158,246,205,158,232,232,158,158,158,158,98,False,False,False,False,False,False,False,False,False,False,False,False
36,140,2,140,91,2,2,203,140,140,140,140,140,2,False,True,False,False,True,True,False,False,False,False,False,False
37,143,6,82,143,143,82,143,143,82,143,143,143,143,True,False,False,True,True,False,True,True,False,True,True,True
38,247,2,247,246,246,247,247,247,247,247,247,247,247,True,False,True,False,False,True,True,True,True,True,True,True
39,195,195,195,195,23,195,258,258,195,195,195,195,195,True,True,True,True,False,True,False,False,True,True,True,True
40,91,91,244,244,91,244,91,244,244,91,91,91,244,False,False,True,True,False,True,False,True,True,False,False,False
41,84,84,84,84,84,84,84,84,84,84,84,84,84,True,True,True,True,True,True,True,True,True,True,True,True
0,140,22,140,178,63,22,22,22,140,140,140,140,33,False,False,False,False,False,False,False,False,False,False,False,False
1,143,67,67,178,178,67,67,67,67,143,143,143,132,False,False,False,False,False,False,False,False,False,False,False,False
2,203,17,97,246,181,17,17,17,97,203,203,203,17,False,True,False,False,False,True,True,True,False,False,False,False
3,22,22,52,86,205,22,22,22,52,22,22,22,86,False,False,False,True,False,False,False,False,False,False,False,False
4,215,62,247,228,247,62,62,62,247,215,215,215,268,False,False,False,False,False,False,False,False,False,False,False,False
5,142,142,232,142,244,142,142,142,232,142,142,142,142,True,True,False,True,False,True,True,True,False,True,True,True
6,92,156,156,178,163,92,156,156,156,92,92,92,178,False,False,False,True,False,False,False,False,False,False,False,False
7,143,2,143,143,42,143,2,2,143,143,143,143,42,False,False,False,False,True,False,False,False,False,False,False,False
8,140,140,140,140,253,140,140,140,140,140,140,140,187,False,False,False,False,False,False,False,False,False,False,False,False
9,67,67,67,67,75,67,67,67,67,67,67,67,67,True,True,True,True,False,True,True,True,True,True,True,True
10,129,129,181,243,181,129,129,129,181,129,129,129,181,False,False,True,False,True,False,False,False,True,False,False,False
11,229,229,229,229,205,229,229,229,229,229,229,229,134,False,False,False,False,False,False,False,False,False,False,False,False
12,215,215,215,0,57,215,215,215,215,215,215,215,215,True,True,True,False,False,True,True,True,True,True,True,True
13,161,161,161,161,161,161,161,161,161,161,161,161,161,True,True,True,True,True,True,True,True,True,True,True,True
14,209,2,2,209,96,140,2,2,2,209,209,209,265,False,False,False,False,False,False,False,False,False,False,False,False
15,95,30,242,157,242,95,242,30,242,95,95,95,111,False,False,False,False,False,False,False,False,False,False,False,False
16,17,17,107,250,206,188,107,17,157,17,17,17,68,False,False,False,False,False,False,False,False,False,False,False,False
17,209,33,209,209,195,143,195,33,209,209,209,209,33,False,True,False,False,False,False,False,True,False,False,False,False
18,142,74,156,142,258,188,188,74,156,142,142,142,74,False,True,False,False,False,False,False,True,False,False,False,False
19,238,124,271,238,238,238,158,124,271,238,238,238,204,False,False,False,False,False,False,False,False,False,False,False,False
20,22,22,103,182,182,22,103,22,103,22,22,22,77,False,False,False,False,False,False,False,False,False,False,False,False
21,142,53,158,142,145,145,158,53,158,142,142,142,142,True,False,False,True,False,False,False,False,False,True,True,True
22,142,77,142,142,267,142,156,77,142,142,142,142,142,True,False,True,True,False,True,False,False,True,True,True,True
23,157,30,157,157,75,157,157,30,157,157,157,157,246,False,False,False,False,False,False,False,False,False,False,False,False
24,17,17,157,157,157,157,157,17,157,17,17,17,86,False,False,False,False,False,False,False,False,False,False,False,False
25,246,206,246,246,236,246,246,206,236,246,246,246,246,True,False,True,True,False,True,True,False,False,True,True,True
26,156,156,156,0,163,156,156,156,156,156,156,156,156,True,True,True,False,False,True,True,True,True,True,True,True
27,267,267,267,267,267,267,267,267,267,267,267,267,267,True,True,True,True,True,True,True,True,True,True,True,True
28,220,77,28,246,246,28,103,77,28,220,220,220,204,False,False,False,False,False,False,False,False,False,False,False,False
29,0,0,0,80,257,0,195,0,195,0,0,0,80,False,False,False,True,False,False,False,False,False,False,False,False
30,215,72,185,246,72,185,107,185,185,215,215,215,146,False,False,False,False,False,False,False,False,False,False,False,False
31,157,1,62,1,54,62,93,62,62,157,157,157,1,False,True,False,True,False,False,False,False,False,False,False,False
32,226,62,226,32,77,62,65,62,65,226,226,226,226,True,False,True,False,False,False,False,False,False,True,True,True
33,67,52,124,52,163,67,67,67,124,67,67,67,49,False,False,False,False,False,False,False,False,False,False,False,False
34,215,187,191,187,54,187,187,187,191,215,215,215,98,False,False,False,False,False,False,False,False,False,False,False,False
35,69,69,149,69,195,149,195,149,149,69,69,69,4,False,False,False,False,False,False,False,False,False,False,False,False
36,220,77,224,77,164,259,220,259,224,220,220,220,224,False,False,True,False,False,False,False,False,True,False,False,False
37,143,2,143,143,143,143,195,143,143,143,143,143,23,False,False,False,False,False,False,False,False,False,False,False,False
38,215,215,215,246,164,246,215,215,246,215,215,215,246,False,False,False,True,False,True,False,False,True,False,False,False
39,157,53,53,157,53,157,157,157,53,157,157,157,53,False,True,True,False,True,False,False,False,True,False,False,False
40,222,62,62,62,62,62,222,62,62,222,222,222,222,True,False,False,False,False,False,True,False,False,True,True,True
41,221,221,221,221,221,221,221,221,221,221,221,221,221,True,True,True,True,True,True,True,True,True,True,True,True
0,220,26,220,246,224,26,26,26,220,220,220,220,26,False,True,False,False,False,True,True,True,False,False,False,False
1,5,5,103,157,103,5,5,5,103,5,5,5,5,True,True,False,False,False,True,True,True,False,True,True,True
2,131,53,131,178,187,53,53,53,131,131,131,131,196,False,False,False,False,False,False,False,False,False,False,False,False
3,242,195,242,244,232,195,195,195,242,242,242,242,82,False,False,False,False,False,False,False,False,False,False,False,False
4,209,142,209,209,42,142,142,142,209,209,209,209,209,True,False,True,True,False,False,False,False,True,True,True,True
5,242,175,185,110,187,110,175,175,110,242,242,242,175,False,True,False,False,False,False,True,True,False,False,False,False
6,231,231,231,178,178,178,231,231,231,231,231,231,7,False,False,False,False,False,False,False,False,False,False,False,False
7,143,30,143,119,30,119,30,30,143,143,143,143,89,False,False,False,False,False,False,False,False,False,False,False,False
8,220,220,242,246,220,246,220,220,242,220,220,220,220,True,True,False,False,True,False,True,True,False,True,True,True
9,220,220,220,86,57,86,220,220,86,220,220,220,220,True,True,True,False,False,False,True,True,False,True,True,True
10,156,156,156,185,156,156,156,156,156,156,156,156,156,True,True,True,False,True,True,True,True,True,True,True,True
11,244,244,244,244,228,244,244,244,244,244,244,244,164,False,False,False,False,False,False,False,False,False,False,False,False
12,215,215,215,0,236,215,215,215,215,215,215,215,215,True,True,True,False,False,True,True,True,True,True,True,True
13,60,60,60,60,60,60,60,60,60,60,60,60,60,True,True,True,True,True,True,True,True,True,True,True,True
14,24,22,24,157,42,157,22,22,24,24,24,24,189,False,False,False,False,False,False,False,False,False,False,False,False
15,209,33,209,209,184,209,229,33,209,209,209,209,118,False,False,False,False,False,False,False,False,False,False,False,False
16,203,67,67,142,194,142,253,67,67,203,203,203,67,False,True,True,False,False,False,False,True,True,False,False,False
17,188,6,188,167,188,167,188,6,188,188,188,188,188,True,False,True,False,True,False,True,False,True,True,True,True
18,203,33,203,33,103,203,203,33,203,203,203,203,7,False,False,False,False,False,False,False,False,False,False,False,False
19,143,30,143,120,185,120,143,30,205,143,143,143,103,False,False,False,False,False,False,False,False,False,False,False,False
20,157,105,242,157,157,157,259,105,242,157,157,157,105,False,True,False,False,False,False,False,True,False,False,False,False
21,69,69,165,165,23,165,69,69,69,69,69,69,236,False,False,False,False,False,False,False,False,False,False,False,False
22,22,22,215,157,215,157,22,22,215,22,22,22,124,False,False,False,False,False,False,False,False,False,False,False,False
23,209,33,209,209,236,209,209,33,202,209,209,209,10,False,False,False,False,False,False,False,False,False,False,False,False
24,185,185,194,228,164,228,185,185,194,185,185,185,194,False,False,True,False,False,False,False,False,True,False,False,False
25,246,246,246,246,164,246,246,246,246,246,246,246,164,False,False,False,False,True,False,False,False,False,False,False,False
26,164,33,164,33,33,164,164,33,164,164,164,164,164,True,False,True,False,False,True,True,False,True,True,True,True
27,30,30,30,30,30,30,30,30,30,30,30,30,30,True,True,True,True,True,True,True,True,True,True,True,True
28,209,129,129,209,256,209,129,129,209,209,209,209,25,False,False,False,False,False,False,False,False,False,False,False,False
29,188,6,52,244,82,244,188,6,52,188,188,188,7,False,False,False,False,False,False,False,False,False,False,False,False
30,24,21,131,21,185,92,92,92,131,24,24,24,105,False,False,False,False,False,False,False,False,False,False,False,False
31,140,67,140,192,205,192,140,140,140,140,140,140,67,False,True,False,False,False,False,False,False,False,False,False,False
32,69,69,229,246,91,246,229,229,229,69,69,69,107,False,False,False,False,False,False,False,False,False,False,False,False
33,1,1,1,1,61,1,185,185,1,1,1,1,243,False,False,False,False,False,False,False,False,False,False,False,False
34,67,62,253,182,182,182,253,253,253,67,67,67,67,True,False,False,False,False,False,False,False,False,True,True,True
35,182,191,185,182,182,182,185,185,185,182,182,182,169,False,False,False,False,False,False,False,False,False,False,False,False
36,220,129,205,165,57,165,129,129,205,220,220,220,220,True,False,False,False,False,False,False,False,False,True,True,True
37,6,6,52,52,6,6,6,6,52,6,6,6,82,False,False,False,False,False,False,False,False,False,False,False,False
38,220,62,62,62,135,62,62,62,62,220,220,220,135,False,False,False,False,True,False,False,False,False,False,False,False
39,192,192,192,192,192,192,192,192,192,192,192,192,126,False,False,False,False,False,False,False,False,False,False,False,False
40,156,156,156,0,236,156,156,156,156,156,156,156,156,True,True,True,False,False,True,True,True,True,True,True,True
41,57,57,57,57,57,57,57,57,57,57,57,57,57,True,True,True,True,True,True,True,True,True,True,True,True
0,5,5,5,233,271,5,5,5,5,5,5,5,5,True,True,True,False,False,True,True,True,True,True,True,True
1,67,67,231,142,258,67,67,67,231,67,67,67,269,False,False,False,False,False,False,False,False,False,False,False,False
2,93,26,93,142,195,26,26,26,129,93,93,93,145,False,False,False,False,False,False,False,False,False,False,False,False
3,238,0,0,238,4,0,0,0,4,238,238,238,0,False,True,True,False,False,True,True,True,False,False,False,False
4,92,91,103,238,7,91,91,91,103,92,92,92,238,False,False,False,True,False,False,False,False,False,False,False,False
5,140,67,67,165,165,140,67,67,67,140,140,140,156,False,False,False,False,False,False,False,False,False,False,False,False
6,203,72,92,167,23,203,72,72,92,203,203,203,92,False,False,True,False,False,False,False,False,True,False,False,False
7,188,17,17,165,257,17,17,17,17,188,188,188,188,True,False,False,False,False,False,False,False,False,True,True,True
8,229,195,229,229,271,229,195,195,229,229,229,229,229,True,False,True,True,False,True,False,False,True,True,True,True
9,195,195,195,182,231,231,195,195,195,195,195,195,231,False,False,False,False,True,True,False,False,False,False,False,False
10,195,30,195,195,195,195,30,30,195,195,195,195,129,False,False,False,False,False,False,False,False,False,False,False,False
11,238,238,185,238,185,238,238,238,247,238,238,238,238,True,True,False,True,False,True,True,True,False,True,True,True
12,91,91,57,91,91,91,91,91,57,91,91,91,57,False,False,True,False,False,False,False,False,True,False,False,False
13,199,199,199,199,199,199,199,199,199,199,199,199,199,True,True,True,True,True,True,True,True,True,True,True,True
14,140,140,140,209,145,140,140,140,177,140,140,140,145,False,False,False,False,True,False,False,False,False,False,False,False
15,195,1,215,1,65,271,253,1,253,195,195,195,175,False,False,False,False,False,False,False,False,False,False,False,False
16,17,17,253,86,236,17,253,17,253,17,17,17,269,False,False,False,False,False,False,False,False,False,False,False,False
17,188,1,188,1,205,17,188,1,188,188,188,188,156,False,False,False,False,False,False,False,False,False,False,False,False
18,140,77,140,238,224,140,140,77,140,140,140,140,220,False,False,False,False,False,False,False,False,False,False,False,False
19,149,149,149,244,228,149,149,149,149,149,149,149,97,False,False,False,False,False,False,False,False,False,False,False,False
20,222,1,222,1,28,222,28,1,222,222,222,222,97,False,False,False,False,False,False,False,False,False,False,False,False
21,92,96,56,96,257,92,92,96,56,92,92,92,92,True,False,False,False,False,True,True,False,False,True,True,True
22,140,140,82,140,28,140,140,140,82,140,140,140,259,False,False,False,False,False,False,False,False,False,False,False,False
23,271,1,1,1,271,271,271,1,1,271,271,271,10,False,False,False,False,False,False,False,False,False,False,False,False
24,17,17,17,17,222,17,17,17,17,17,17,17,215,False,False,False,False,False,False,False,False,False,False,False,False
25,1,1,1,1,205,1,1,1,1,1,1,1,1,True,True,True,True,False,True,True,True,True,True,True,True
26,232,224,232,232,224,232,232,224,232,232,232,232,224,False,True,False,False,True,False,False,True,False,False,False,False
27,206,206,206,206,206,206,206,206,206,206,206,206,206,True,True,True,True,True,True,True,True,True,True,True,True
28,229,9,89,12,89,17,229,9,89,229,229,229,156,False,False,False,False,False,False,False,False,False,False,False,False
29,22,22,67,47,123,22,22,22,67,22,22,22,124,False,False,False,False,False,False,False,False,False,False,False,False
30,24,24,149,173,24,24,24,24,149,24,24,24,45,False,False,False,False,False,False,False,False,False,False,False,False
31,80,21,80,80,72,80,80,80,28,80,80,80,269,False,False,False,False,False,False,False,False,False,False,False,False
32,103,94,103,94,94,103,103,103,103,103,103,103,253,False,False,False,False,False,False,False,False,False,False,False,False
33,271,129,110,110,110,271,129,129,110,271,271,271,129,False,True,False,False,False,False,True,True,False,False,False,False
34,140,140,140,142,140,140,140,140,140,140,140,140,221,False,False,False,False,False,False,False,False,False,False,False,False
35,150,53,129,142,150,150,129,129,129,150,150,150,45,False,False,False,False,False,False,False,False,False,False,False,False
36,17,17,17,17,220,17,253,253,220,17,17,17,220,False,False,False,False,True,False,False,False,True,False,False,False
37,110,110,110,110,123,110,110,110,110,110,110,110,218,False,False,False,False,False,False,False,False,False,False,False,False
38,196,53,196,53,123,196,196,196,196,196,196,196,196,True,False,True,False,False,True,True,True,True,True,True,True
39,28,62,28,62,62,28,28,28,28,28,28,28,62,False,True,False,True,True,False,False,False,False,False,False,False
40,205,10,205,205,10,205,205,205,205,205,205,205,10,False,True,False,False,True,False,False,False,False,False,False,False
41,222,222,222,222,222,222,222,222,222,222,222,222,222,True,True,True,True,True,True,True,True,True,True,True,True
0,203,5,203,110,243,5,5,5,203,203,203,203,39,False,False,False,False,False,False,False,False,False,False,False,False
1,15,1,146,238,72,1,1,1,15,15,15,15,15,True,False,False,False,False,False,False,False,True,True,True,True
2,238,95,263,238,28,95,95,95,263,238,238,238,95,False,True,False,False,False,True,True,True,False,False,False,False
3,18,18,220,182,57,18,18,18,182,18,18,18,18,True,True,False,False,False,True,True,True,False,True,True,True
4,248,6,248,120,6,6,6,6,120,248,248,248,18,False,False,False,False,False,False,False,False,False,False,False,False
5,95,80,231,80,80,95,80,80,231,95,95,95,95,True,False,False,False,False,True,False,False,False,True,True,True
6,271,129,167,167,134,129,129,129,167,271,271,271,129,False,True,False,False,False,True,True,True,False,False,False,False
7,247,6,247,86,247,6,6,6,247,247,247,247,6,False,True,False,False,False,True,True,True,False,False,False,False
8,253,222,57,222,243,253,222,222,253,253,253,253,253,True,False,False,False,False,True,False,False,True,True,True,True
9,184,1,253,182,211,253,1,1,253,184,184,184,253,False,False,True,False,False,True,False,False,True,False,False,False
10,140,140,140,140,262,140,140,140,140,140,140,140,140,True,True,True,True,False,True,True,True,True,True,True,True
11,4,167,4,167,167,167,167,167,4,4,4,4,4,True,False,True,False,False,False,False,False,True,True,True,True
12,143,6,143,143,6,143,6,6,143,143,143,143,6,False,True,False,False,True,False,True,True,False,False,False,False
13,165,165,165,165,165,165,165,165,165,165,165,165,165,True,True,True,True,True,True,True,True,True,True,True,True
14,95,62,93,142,95,95,62,62,95,95,95,95,130,False,False,False,False,False,False,False,False,False,False,False,False
15,15,0,65,110,62,15,15,0,65,15,15,15,15,True,False,False,False,False,True,True,False,False,True,True,True
16,24,24,142,142,206,28,28,24,142,24,24,24,147,False,False,False,False,False,False,False,False,False,False,False,False
17,0,0,0,165,124,0,0,0,0,0,0,0,0,True,True,True,False,False,True,True,True,True,True,True,True
18,107,33,107,119,107,259,259,33,107,107,107,107,185,False,False,False,False,False,False,False,False,False,False,False,False
19,15,6,146,146,185,15,15,6,146,15,15,15,15,True,False,False,False,False,True,True,False,False,True,True,True
20,140,107,140,228,232,140,140,107,107,140,140,140,140,True,False,True,False,False,True,True,False,False,True,True,True
21,229,77,247,119,165,229,229,77,247,229,229,229,229,True,False,False,False,False,True,True,False,False,True,True,True
22,229,62,20,62,229,229,229,62,20,229,229,229,224,False,False,False,False,False,False,False,False,False,False,False,False
23,205,62,205,62,62,62,62,62,205,205,205,205,56,False,False,False,False,False,False,False,False,False,False,False,False
24,28,206,28,206,28,28,28,206,28,28,28,28,28,True,False,True,False,True,True,True,False,True,True,True,True
25,229,165,4,165,4,229,229,165,4,229,229,229,4,False,False,True,False,True,False,False,False,True,False,False,False
26,259,206,259,206,259,259,259,206,259,259,259,259,259,True,False,True,False,True,True,True,False,True,True,True,True
27,6,6,6,6,6,6,6,6,6,6,6,6,6,True,True,True,True,True,True,True,True,True,True,True,True
28,5,5,5,110,56,5,5,5,5,5,5,5,5,True,True,True,False,False,True,True,True,True,True,True,True
29,143,131,20,142,20,143,143,131,20,143,143,143,141,False,False,False,False,False,False,False,False,False,False,False,False
30,69,22,22,167,220,22,22,69,22,69,69,69,69,True,False,False,False,False,False,False,True,False,True,True,True
31,95,62,95,157,243,95,95,95,95,95,95,95,95,True,False,True,False,False,True,True,True,True,True,True,True
32,22,22,22,165,165,22,22,22,22,22,22,22,22,True,True,True,False,False,True,True,True,True,True,True,True
33,22,22,22,157,148,22,22,22,22,22,22,22,22,True,True,True,False,False,True,True,True,True,True,True,True
34,203,131,253,86,253,253,253,203,253,203,203,203,203,True,False,False,False,False,False,False,True,False,True,True,True
35,184,30,184,86,184,259,259,184,185,184,184,184,42,False,False,False,False,False,False,False,False,False,False,False,False
36,187,30,187,187,187,187,221,187,187,187,187,187,224,False,False,False,False,False,False,False,False,False,False,False,False
37,205,185,185,205,185,185,185,205,185,205,205,205,262,False,False,False,False,False,False,False,False,False,False,False,False
38,92,92,92,86,86,92,92,92,92,92,92,92,92,True,True,True,False,False,True,True,True,True,True,True,True
39,253,253,253,268,268,253,253,253,253,253,253,253,253,True,True,True,False,False,True,True,True,True,True,True,True
40,53,53,53,244,53,53,244,53,53,53,53,53,53,True,True,True,False,True,True,False,True,True,True,True,True
41,62,62,62,62,62,62,62,62,62,62,62,62,62,True,True,True,True,True,True,True,True,True,True,True,True
0,140,21,140,94,271,21,21,21,140,140,140,140,118,False,False,False,False,False,False,False,False,False,False,False,False
1,24,6,6,165,220,6,6,6,6,24,24,24,132,False,False,False,False,False,False,False,False,False,False,False,False
2,80,80,80,245,271,80,80,80,80,80,80,80,245,False,False,False,True,False,False,False,False,False,False,False,False
3,220,6,6,142,242,6,6,6,6,220,220,220,142,False,False,False,True,False,False,False,False,False,False,False,False
4,167,30,185,167,61,30,30,30,185,167,167,167,20,False,False,False,False,False,False,False,False,False,False,False,False
5,17,6,149,17,64,60,6,6,149,17,17,17,11,False,False,False,False,False,False,False,False,False,False,False,False
6,146,53,149,167,146,267,53,53,149,146,146,146,146,True,False,False,False,True,False,False,False,False,True,True,True
7,271,6,181,246,164,57,6,6,181,271,271,271,181,False,False,True,False,False,False,False,False,True,False,False,False
8,140,140,271,228,271,215,140,140,271,140,140,140,271,False,False,True,False,True,False,False,False,True,False,False,False
9,146,6,6,165,29,165,6,6,6,146,146,146,146,True,False,False,False,False,False,False,False,False,True,True,True
10,242,91,242,91,242,163,91,91,242,242,242,242,242,True,False,True,False,True,False,False,False,True,True,True,True
11,242,222,242,222,205,242,222,222,242,242,242,242,222,False,True,False,True,False,False,True,True,False,False,False,False
12,30,30,61,61,30,30,30,30,61,30,30,30,61,False,False,True,True,False,False,False,False,True,False,False,False
13,243,243,243,243,243,243,243,243,243,243,243,243,243,True,True,True,True,True,True,True,True,True,True,True,True
14,209,1,209,209,209,30,1,1,209,209,209,209,204,False,False,False,False,False,False,False,False,False,False,False,False
15,226,2,226,182,178,198,182,2,226,226,226,226,226,True,False,True,False,False,False,False,False,True,True,True,True
16,15,15,15,142,15,57,142,15,15,15,15,15,56,False,False,False,False,False,False,False,False,False,False,False,False
17,69,52,220,119,69,220,120,52,220,69,69,69,69,True,False,False,False,True,False,False,False,False,True,True,True
18,94,2,2,94,65,57,94,2,2,94,94,94,19,False,False,False,False,False,False,False,False,False,False,False,False
19,22,2,220,22,161,220,22,2,220,22,22,22,146,False,False,False,False,False,False,False,False,False,False,False,False
20,22,22,22,22,220,220,22,22,22,22,22,22,232,False,False,False,False,False,False,False,False,False,False,False,False
21,203,203,203,203,28,208,203,203,203,203,203,203,191,False,False,False,False,False,False,False,False,False,False,False,False
22,107,1,1,1,30,30,1,1,1,107,107,107,107,True,False,False,False,False,False,False,False,False,True,True,True
23,271,2,247,228,2,271,228,2,247,271,271,271,65,False,False,False,False,False,False,False,False,False,False,False,False
24,72,72,205,205,199,164,72,72,205,72,72,72,72,True,True,False,False,False,False,True,True,False,True,True,True
25,220,220,220,92,257,220,92,220,220,220,220,220,257,False,False,False,False,True,False,False,False,False,False,False,False
26,2,2,57,2,57,57,2,2,57,2,2,2,2,True,True,False,True,False,False,True,True,False,True,True,True
27,2,2,2,2,2,2,2,2,2,2,2,2,2,True,True,True,True,True,True,True,True,True,True,True,True
28,67,67,67,228,221,13,228,67,149,67,67,67,265,False,False,False,False,False,False,False,False,False,False,False,False
29,80,6,19,80,10,10,80,6,19,80,80,80,19,False,False,True,False,False,False,False,False,True,False,False,False
30,80,67,80,80,184,215,80,80,80,80,80,80,67,False,True,False,False,False,False,False,False,False,False,False,False
31,80,12,16,96,80,198,80,16,16,80,80,80,96,False,False,False,True,False,False,False,False,False,False,False,False
32,24,6,24,119,100,194,119,6,24,24,24,24,132,False,False,False,False,False,False,False,False,False,False,False,False
33,69,69,69,182,161,161,182,143,242,69,69,69,69,True,True,True,False,False,False,False,False,False,True,True,True
34,69,53,157,157,53,157,157,89,157,69,69,69,69,True,False,False,False,False,False,False,False,False,True,True,True
35,92,149,92,246,244,246,246,92,92,92,92,92,4,False,False,False,False,False,False,False,False,False,False,False,False
36,149,149,149,149,134,149,149,149,149,149,149,149,224,False,False,False,False,False,False,False,False,False,False,False,False
37,4,30,253,86,30,57,86,253,253,4,4,4,4,True,False,False,False,False,False,False,False,False,True,True,True
38,215,165,181,165,181,215,165,181,181,215,215,215,181,False,False,True,False,True,False,False,True,True,False,False,False
39,198,91,198,91,163,198,91,91,198,198,198,198,91,False,True,False,True,False,False,True,True,False,False,False,False
40,6,6,6,6,20,6,6,6,6,6,6,6,20,False,False,False,False,True,False,False,False,False,False,False,False
41,247,247,247,247,247,247,247,247,247,247,247,247,247,True,True,True,True,True,True,True,True,True,True,True,True
0,150,17,150,165,129,17,17,17,150,150,150,150,19,False,False,False,False,False,False,False,False,False,False,False,False
1,131,1,49,1,232,1,1,1,49,131,131,131,65,False,False,False,False,False,False,False,False,False,False,False,False
2,238,91,105,238,259,91,91,91,105,238,238,238,263,False,False,False,False,False,False,False,False,False,False,False,False
3,67,12,156,142,4,12,12,12,156,67,67,67,142,False,False,False,True,False,False,False,False,False,False,False,False
4,203,103,203,238,28,103,103,103,203,203,203,203,103,False,True,False,False,False,True,True,True,False,False,False,False
5,89,89,56,119,259,195,89,89,56,89,89,89,244,False,False,False,False,False,False,False,False,False,False,False,False
6,184,149,184,244,244,184,149,149,184,184,184,184,184,True,False,True,False,False,True,False,False,True,True,True,True
7,24,24,24,167,222,24,24,24,24,24,24,24,24,True,True,True,False,False,True,True,True,True,True,True,True
8,205,165,205,165,194,165,165,165,205,205,205,205,205,True,False,True,False,False,False,False,False,True,True,True,True
9,107,6,6,77,107,107,6,6,6,107,107,107,232,False,False,False,False,False,False,False,False,False,False,False,False
10,20,91,20,178,91,20,91,91,20,20,20,20,178,False,False,False,True,False,False,False,False,False,False,False,False
11,156,156,156,28,156,28,156,156,156,156,156,156,262,False,False,False,False,False,False,False,False,False,False,False,False
12,203,187,187,187,203,187,187,187,187,203,203,203,187,False,True,True,True,False,True,True,True,True,False,False,False
13,20,20,20,20,20,20,20,20,20,20,20,20,20,True,True,True,True,True,True,True,True,True,True,True,True
14,238,111,238,238,243,243,111,111,238,238,238,238,111,False,True,False,False,False,False,True,True,False,False,False,False
15,238,22,238,238,67,67,238,22,260,238,238,238,238,True,False,True,True,False,False,True,False,False,True,True,True
16,15,15,205,110,103,103,178,15,205,15,15,15,103,False,False,False,False,True,True,False,False,False,False,False,False
17,226,2,2,119,2,2,119,2,2,226,226,226,226,True,False,False,False,False,False,False,False,False,True,True,True
18,103,6,6,167,30,103,167,6,6,103,103,103,187,False,False,False,False,False,False,False,False,False,False,False,False
19,5,1,142,142,142,247,142,1,142,5,5,5,5,True,False,False,False,False,False,False,False,False,True,True,True
20,22,22,52,165,30,52,165,22,52,22,22,22,52,False,False,True,False,False,True,False,False,True,False,False,False
21,140,77,146,228,228,184,228,77,146,140,140,140,146,False,False,True,False,False,False,False,False,True,False,False,False
22,238,167,238,238,238,231,238,167,238,238,238,238,257,False,False,False,False,False,False,False,False,False,False,False,False
23,105,105,105,165,105,105,165,105,105,105,105,105,105,True,True,True,False,True,True,False,True,True,True,True,True
24,110,263,178,110,110,263,178,263,110,110,110,110,178,False,False,True,False,False,False,True,False,False,False,False,False
25,232,91,232,91,232,232,232,91,232,232,232,232,56,False,False,False,False,False,False,False,False,False,False,False,False
26,167,167,268,167,167,268,167,167,268,167,167,167,167,True,True,False,True,True,False,True,True,False,True,True,True
27,0,23,0,23,23,23,23,23,0,0,0,0,23,False,True,False,True,True,True,True,True,False,False,False,False
28,209,22,22,245,209,103,209,22,22,209,209,209,245,False,False,False,True,False,False,False,False,False,False,False,False
29,240,187,185,228,148,158,228,187,185,240,240,240,181,False,False,False,False,False,False,False,False,False,False,False,False
30,80,24,234,80,120,24,80,24,234,80,80,80,80,True,False,False,True,False,False,True,False,False,True,True,True
31,94,94,229,94,181,107,94,107,229,94,94,94,153,False,False,False,False,False,False,False,False,False,False,False,False
32,142,142,156,142,142,181,142,181,156,142,142,142,110,False,False,False,False,False,False,False,False,False,False,False,False
33,271,1,1,1,271,107,1,107,1,271,271,271,107,False,False,False,False,False,True,False,True,False,False,False,False
34,224,176,244,244,81,81,244,81,244,224,224,224,176,False,True,False,False,False,False,False,False,False,False,False,False
35,67,67,229,187,57,67,229,67,229,67,67,67,67,True,True,False,False,False,True,False,True,False,True,True,True
36,103,103,149,46,65,103,149,103,149,103,103,103,65,False,False,False,False,True,False,False,False,False,False,False,False
37,222,222,158,228,262,158,228,158,222,222,222,222,158,False,False,True,False,False,True,False,True,False,False,False,False
38,24,24,24,24,24,24,156,24,24,24,24,24,24,True,True,True,True,True,True,False,True,True,True,True,True
39,107,107,107,107,243,107,107,107,107,107,107,107,243,False,False,False,False,True,False,False,False,False,False,False,False
40,181,257,181,257,257,181,181,181,181,181,181,181,181,True,False,True,False,False,True,True,True,True,True,True,True
41,232,232,232,232,232,232,232,232,232,232,232,232,232,True,True,True,True,True,True,True,True,True,True,True,True
0,140,12,140,239,72,12,12,12,140,140,140,140,34,False,False,False,False,False,False,False,False,False,False,False,False
1,260,53,242,228,56,53,53,53,242,260,260,260,175,False,False,False,False,False,False,False,False,False,False,False,False
2,24,17,17,120,160,17,17,17,17,24,24,24,160,False,False,False,False,True,False,False,False,False,False,False,False
3,24,24,24,173,33,24,24,24,24,24,24,24,33,False,False,False,False,True,False,False,False,False,False,False,False
4,209,31,67,209,67,31,31,31,67,209,209,209,209,True,False,False,True,False,False,False,False,False,True,True,True
5,22,22,22,86,60,198,22,22,224,22,22,22,224,False,False,False,False,False,False,False,False,True,False,False,False
6,220,53,220,53,220,220,53,53,220,220,220,220,204,False,False,False,False,False,False,False,False,False,False,False,False
7,215,215,222,228,258,215,215,215,222,215,215,215,258,False,False,False,False,True,False,False,False,False,False,False,False
8,17,17,72,17,236,57,17,17,72,17,17,17,17,True,True,False,True,False,False,True,True,False,True,True,True
9,53,53,16,228,53,53,53,53,16,53,53,53,53,True,True,False,False,True,True,True,True,False,True,True,True
10,258,77,28,77,77,258,77,77,28,258,258,258,258,True,False,False,False,False,True,False,False,False,True,True,True
11,236,30,236,199,199,236,30,30,236,236,236,236,236,True,False,True,False,False,True,False,False,True,True,True,True
12,231,221,231,231,231,221,221,221,231,231,231,231,231,True,False,True,True,True,False,False,False,True,True,True,True
13,163,163,163,163,163,163,163,163,163,163,163,163,163,True,True,True,True,True,True,True,True,True,True,True,True
14,238,1,195,238,6,73,1,1,6,238,238,238,238,True,False,False,True,False,False,False,False,False,True,True,True
15,226,33,229,165,20,161,165,33,229,226,226,226,226,True,False,False,False,False,False,False,False,False,True,True,True
16,17,17,188,157,156,156,157,17,188,17,17,17,191,False,False,False,False,False,False,False,False,False,False,False,False
17,184,145,46,182,151,163,182,145,46,184,184,184,182,False,False,False,True,False,False,True,False,False,False,False,False
18,220,6,165,165,220,220,165,6,220,220,220,220,231,False,False,False,False,False,False,False,False,False,False,False,False
19,215,6,182,182,182,215,182,6,129,215,215,215,182,False,False,True,True,True,False,True,False,False,False,False,False
20,143,143,143,143,212,215,143,143,143,143,143,143,222,False,False,False,False,False,False,False,False,False,False,False,False
21,231,149,247,231,122,236,231,149,247,231,231,231,214,False,False,False,False,False,False,False,False,False,False,False,False
22,182,6,6,182,244,163,182,6,6,182,182,182,182,True,False,False,True,False,False,True,False,False,True,True,True
23,4,77,4,77,229,161,229,77,229,4,4,4,4,True,False,True,False,False,False,False,False,False,True,True,True
24,188,77,188,173,188,188,173,77,188,188,188,188,77,False,True,False,False,False,False,False,True,False,False,False,False
25,163,163,163,0,123,163,208,163,163,163,163,163,123,False,False,False,False,True,False,False,False,False,False,False,False
26,164,164,164,0,208,164,164,164,164,164,164,164,164,True,True,True,False,False,True,True,True,True,True,True,True
27,84,84,84,84,84,84,84,84,84,84,84,84,84,True,True,True,True,True,True,True,True,True,True,True,True
28,140,8,140,8,11,60,80,8,80,140,140,140,8,False,True,False,True,False,False,False,True,False,False,False,False
29,94,91,112,94,28,269,94,91,112,94,94,94,112,False,False,True,False,False,False,False,False,True,False,False,False
30,22,2,22,178,81,269,178,17,17,22,22,22,17,False,False,False,False,False,False,False,True,True,False,False,False
31,146,91,229,120,236,13,120,146,181,146,146,146,146,True,False,False,False,False,False,False,True,False,True,True,True
32,140,53,140,53,72,220,140,4,140,140,140,140,4,False,False,False,False,False,False,False,True,False,False,False,False
33,92,92,92,246,56,194,246,56,92,92,92,92,56,False,False,False,False,True,False,False,True,False,False,False,False
34,154,21,154,165,72,124,165,53,154,154,154,154,257,False,False,False,False,False,False,False,False,False,False,False,False
35,184,30,184,167,30,73,167,56,184,184,184,184,56,False,False,False,False,False,False,False,True,False,False,False,False
36,149,149,165,165,16,161,165,206,149,149,149,149,165,False,False,True,True,False,False,True,False,False,False,False,False
37,28,165,28,165,28,165,165,257,28,28,28,28,257,False,False,False,False,False,False,False,True,False,False,False,False
38,22,22,22,22,236,269,22,22,22,22,22,22,269,False,False,False,False,False,True,False,False,False,False,False,False
39,222,222,222,222,198,198,222,222,222,222,222,222,222,True,True,True,True,False,False,True,True,True,True,True,True
40,229,200,229,200,229,229,229,229,229,229,229,229,200,False,True,False,True,False,False,False,False,False,False,False,False
41,84,84,84,84,84,84,84,84,84,84,84,84,84,True,True,True,True,True,True,True,True,True,True,True,True
0,31,22,31,80,246,22,22,22,31,31,31,31,233,False,False,False,False,False,False,False,False,False,False,False,False
1,184,2,269,178,105,2,2,2,269,184,184,184,269,False,False,True,False,False,False,False,False,True,False,False,False
2,248,8,209,8,191,8,8,8,209,248,248,248,127,False,False,False,False,False,False,False,False,False,False,False,False
3,203,18,129,142,129,18,18,18,10,203,203,203,129,False,False,True,False,True,False,False,False,False,False,False,False
4,124,1,205,1,124,1,1,1,205,124,124,124,221,False,False,False,False,False,False,False,False,False,False,False,False
5,107,53,53,246,91,246,53,53,53,107,107,107,260,False,False,False,False,False,False,False,False,False,False,False,False
6,94,94,220,94,146,94,94,94,220,94,94,94,97,False,False,False,False,False,False,False,False,False,False,False,False
7,17,17,120,120,208,120,17,17,120,17,17,17,120,False,False,True,True,False,True,False,False,True,False,False,False
8,80,80,80,80,84,80,80,80,80,80,80,80,215,False,False,False,False,False,False,False,False,False,False,False,False
9,149,2,178,178,222,178,2,2,178,149,149,149,149,True,False,False,False,False,False,False,False,False,True,True,True
10,80,80,191,80,191,80,80,80,191,80,80,80,80,True,True,False,True,False,True,True,True,False,True,True,True
11,203,167,203,167,214,167,167,167,203,203,203,203,167,False,True,False,True,False,True,True,True,False,False,False,False
12,1,1,1,1,198,1,1,1,1,1,1,1,198,False,False,False,False,True,False,False,False,False,False,False,False
13,53,53,53,53,53,53,53,53,53,53,53,53,53,True,True,True,True,True,True,True,True,True,True,True,True
14,137,17,229,244,156,244,17,17,229,137,137,137,175,False,False,False,False,False,False,False,False,False,False,False,False
15,15,6,192,192,157,192,46,6,192,15,15,15,15,True,False,False,False,False,False,False,False,False,True,True,True
16,203,55,246,246,143,246,203,55,246,203,203,203,55,False,True,False,False,False,False,False,True,False,False,False,False
17,0,0,157,157,4,157,4,0,157,0,0,0,0,True,True,False,False,False,False,False,True,False,True,True,True
18,184,30,157,157,30,157,53,30,157,184,184,184,145,False,False,False,False,False,False,False,False,False,False,False,False
19,146,6,146,61,146,61,146,6,146,146,146,146,6,False,True,False,False,False,False,False,True,False,False,False,False
20,146,52,146,165,84,165,146,52,146,146,146,146,146,True,False,True,False,False,False,True,False,True,True,True,True
21,268,268,268,268,198,268,224,268,268,268,268,268,10,False,False,False,False,False,False,False,False,False,False,False,False
22,17,17,17,244,257,244,17,17,17,17,17,17,156,False,False,False,False,False,False,False,False,False,False,False,False
23,157,6,157,157,110,157,56,6,157,157,157,157,6,False,True,False,False,False,False,False,True,False,False,False,False
24,140,77,140,77,163,140,77,77,77,140,140,140,221,False,False,False,False,False,False,False,False,False,False,False,False
25,6,6,6,61,61,61,6,6,6,6,6,6,6,True,True,True,False,False,False,True,True,True,True,True,True
26,208,30,208,0,30,208,208,30,208,208,208,208,30,False,True,False,False,True,False,False,True,False,False,False,False
27,163,163,163,163,163,163,163,163,163,163,163,163,163,True,True,True,True,True,True,True,True,True,True,True,True
28,140,39,140,209,209,209,39,39,140,140,140,140,98,False,False,False,False,False,False,False,False,False,False,False,False
29,0,0,0,8,31,209,222,0,0,0,0,0,0,True,True,True,False,False,False,False,True,True,True,True,True
30,0,0,0,119,259,119,231,0,0,0,0,0,0,True,True,True,False,False,False,False,True,True,True,True,True
31,140,18,140,238,205,209,18,140,140,140,140,140,265,False,False,False,False,False,False,False,False,False,False,False,False
32,107,53,107,80,265,80,265,107,107,107,107,107,189,False,False,False,False,False,False,False,False,False,False,False,False
33,234,2,96,96,221,96,234,234,96,234,234,234,221,False,False,False,False,True,False,False,False,False,False,False,False
34,203,6,6,32,236,6,203,203,6,203,203,203,6,False,True,True,False,False,True,False,False,True,False,False,False
35,182,77,259,182,259,182,77,182,259,182,182,182,155,False,False,False,False,False,False,False,False,False,False,False,False
36,140,77,140,77,77,140,146,140,140,140,140,140,77,False,True,False,True,True,False,False,False,False,False,False,False
37,222,31,222,222,31,222,222,222,222,222,222,222,31,False,True,False,False,True,False,False,False,False,False,False,False
38,86,91,221,86,91,86,91,86,221,86,86,86,221,False,False,True,False,False,False,False,False,True,False,False,False
39,205,30,205,91,205,91,205,205,205,205,205,205,30,False,True,False,False,False,False,False,False,False,False,False,False
40,53,53,53,53,57,53,53,53,53,53,53,53,57,False,False,False,False,True,False,False,False,False,False,False,False
41,4,4,4,4,4,4,4,4,4,4,4,4,4,True,True,True,True,True,True,True,True,True,True,True,True
0,248,0,248,246,248,0,0,0,248,248,248,248,166,False,False,False,False,False,False,False,False,False,False,False,False
1,4,30,4,86,259,30,30,30,4,4,4,4,191,False,False,False,False,False,False,False,False,False,False,False,False
2,238,52,49,238,129,52,52,52,49,238,238,238,46,False,False,False,False,False,False,False,False,False,False,False,False
3,80,80,229,80,73,80,80,80,229,80,80,80,241,False,False,False,False,False,False,False,False,False,False,False,False
4,17,6,242,120,175,6,6,6,242,17,17,17,232,False,False,False,False,False,False,False,False,False,False,False,False
5,143,1,143,1,228,143,1,1,143,143,143,143,271,False,False,False,False,False,False,False,False,False,False,False,False
6,4,149,4,165,173,149,149,149,165,4,4,4,4,True,False,True,False,False,False,False,False,False,True,True,True
7,191,30,28,62,28,28,30,30,28,191,191,191,257,False,False,False,False,False,False,False,False,False,False,False,False
8,17,17,242,246,97,17,17,17,242,17,17,17,205,False,False,False,False,False,False,False,False,False,False,False,False
9,4,30,28,4,75,28,30,30,28,4,4,4,42,False,False,False,False,False,False,False,False,False,False,False,False
10,238,129,158,238,267,129,129,129,158,238,238,238,238,True,False,False,True,False,False,False,False,False,True,True,True
11,178,178,236,178,163,178,178,178,236,178,178,178,178,True,True,False,True,False,True,True,True,False,True,True,True
12,120,6,6,120,6,6,6,6,6,120,120,120,120,True,False,False,True,False,False,False,False,False,True,True,True
13,158,158,158,158,158,158,158,158,158,158,158,158,158,True,True,True,True,True,True,True,True,True,True,True,True
14,50,1,50,209,202,140,1,1,260,50,50,50,50,True,False,True,False,False,False,False,False,False,True,True,True
15,140,89,193,233,231,140,233,89,193,140,140,140,56,False,False,False,False,False,False,False,False,False,False,False,False
16,174,91,93,228,91,143,228,91,143,174,174,174,174,True,False,False,False,False,False,False,False,False,True,True,True
17,177,2,149,178,178,149,178,2,149,177,177,177,177,True,False,False,False,False,False,False,False,False,True,True,True
18,0,0,220,53,253,0,0,0,53,0,0,0,214,False,False,False,False,False,False,False,False,False,False,False,False
19,184,1,129,1,257,129,1,1,129,184,184,184,184,True,False,False,False,False,False,False,False,False,True,True,True
20,231,107,149,167,164,149,167,107,149,231,231,231,107,False,True,False,False,False,False,False,True,False,False,False,False
21,154,30,107,110,30,154,110,30,107,154,154,154,181,False,False,False,False,False,False,False,False,False,False,False,False
22,140,1,1,1,155,140,1,1,1,140,140,140,53,False,False,False,False,False,False,False,False,False,False,False,False
23,140,140,187,140,257,140,140,140,187,140,140,140,257,False,False,False,False,True,False,False,False,False,False,False,False
24,150,91,188,228,188,188,228,91,150,150,150,150,150,True,False,False,False,False,False,False,False,True,True,True,True
25,247,187,222,187,187,222,222,187,222,247,247,247,222,False,False,True,False,False,True,True,False,True,False,False,False
26,253,253,253,253,253,253,253,253,253,253,253,253,253,True,True,True,True,True,True,True,True,True,True,True,True
27,2,2,2,2,2,2,2,2,2,2,2,2,2,True,True,True,True,True,True,True,True,True,True,True,True
28,252,6,129,167,199,129,167,6,129,252,252,252,252,True,False,False,False,False,False,False,False,False,True,True,True
29,24,22,24,246,22,22,246,22,24,24,24,24,146,False,False,False,False,False,False,False,False,False,False,False,False
30,203,187,28,238,10,28,238,28,28,203,203,203,231,False,False,False,False,False,False,False,False,False,False,False,False
31,203,2,190,190,2,190,190,190,190,203,203,203,20,False,False,False,False,False,False,False,False,False,False,False,False
32,94,52,143,94,221,143,94,143,143,94,94,94,103,False,False,False,False,False,False,False,False,False,False,False,False
33,149,30,149,178,149,149,178,149,149,149,149,149,65,False,False,False,False,False,False,False,False,False,False,False,False
34,80,2,154,80,161,154,80,154,154,80,80,80,154,False,False,True,False,False,True,False,True,True,False,False,False
35,271,53,271,53,247,229,229,229,271,271,271,271,271,True,False,True,False,False,False,False,False,True,True,True,True
36,242,6,242,167,30,6,167,6,242,242,242,242,242,True,False,True,False,False,False,False,False,True,True,True,True
37,22,22,22,22,143,22,22,22,22,22,22,22,143,False,False,False,False,True,False,False,False,False,False,False,False
38,203,203,203,238,28,28,238,28,203,203,203,203,203,True,True,True,False,False,False,False,False,True,True,True,True
39,188,188,188,158,188,188,188,188,188,188,188,188,158,False,False,False,True,False,False,False,False,False,False,False,False
40,221,221,221,0,269,221,269,221,221,221,221,221,269,False,False,False,False,True,False,True,False,False,False,False,False
41,30,30,30,30,30,30,30,30,30,30,30,30,30,True,True,True,True,True,True,True,True,True,True,True,True
0,140,22,140,80,11,22,22,22,140,140,140,140,126,False,False,False,False,False,False,False,False,False,False,False,False
1,245,1,196,245,160,1,1,1,196,245,245,245,19,False,False,False,False,False,False,False,False,False,False,False,False
2,209,2,209,209,253,2,2,2,209,209,209,209,105,False,False,False,False,False,False,False,False,False,False,False,False
3,220,1,232,1,1,1,1,1,232,220,220,220,65,False,False,False,False,False,False,False,False,False,False,False,False
4,238,72,221,238,72,72,72,72,143,238,238,238,238,True,False,False,True,False,False,False,False,False,True,True,True
5,271,72,72,86,87,72,72,72,72,271,271,271,72,False,True,True,False,False,True,True,True,True,False,False,False
6,17,17,17,246,232,149,17,17,17,17,17,17,246,False,False,False,True,False,False,False,False,False,False,False,False
7,103,103,246,246,257,103,103,103,246,103,103,103,221,False,False,False,False,False,False,False,False,False,False,False,False
8,140,140,231,120,231,243,140,140,231,140,140,140,120,False,False,False,True,False,False,False,False,False,False,False,False
9,1,1,72,1,1,72,1,1,72,1,1,1,1,True,True,False,True,True,False,True,True,False,True,True,True
10,242,2,242,120,161,242,2,2,242,242,242,242,120,False,False,False,True,False,False,False,False,False,False,False,False
11,220,30,220,122,30,220,30,30,220,220,220,220,220,True,False,True,False,False,True,False,False,True,True,True,True
12,157,157,157,157,123,157,157,157,157,157,157,157,157,True,True,True,True,False,True,True,True,True,True,True,True
13,267,267,267,267,267,267,267,267,267,267,267,267,267,True,True,True,True,True,True,True,True,True,True,True,True
14,209,103,103,209,20,103,103,103,103,209,209,209,209,True,False,False,True,False,False,False,False,False,True,True,True
15,203,1,156,94,156,94,203,1,156,203,203,203,94,False,False,False,True,False,True,False,False,False,False,False,False
16,238,150,238,238,97,181,181,150,238,238,238,238,238,True,False,True,True,False,False,False,False,True,True,True,True
17,17,2,17,17,107,184,184,2,17,17,17,17,184,False,False,False,False,False,True,True,False,False,False,False,False
18,143,91,143,167,167,143,226,91,226,143,143,143,221,False,False,False,False,False,False,False,False,False,False,False,False
19,80,80,253,80,182,253,80,80,253,80,80,80,80,True,True,False,True,False,False,True,True,False,True,True,True
20,271,167,229,167,198,181,181,167,271,271,271,271,186,False,False,False,False,False,False,False,False,False,False,False,False
21,107,1,257,182,182,107,107,1,257,107,107,107,107,True,False,False,False,False,True,True,False,False,True,True,True
22,229,229,229,32,208,132,132,229,229,229,229,229,42,False,False,False,False,False,False,False,False,False,False,False,False
23,203,1,203,1,1,203,203,1,203,203,203,203,1,False,True,False,True,True,False,False,True,False,False,False,False
24,110,97,110,110,110,110,110,97,110,110,110,110,110,True,False,True,True,True,True,True,False,True,True,True,True
25,156,156,156,199,199,156,156,156,156,156,156,156,156,True,True,True,False,False,True,True,True,True,True,True,True
26,244,91,91,244,91,244,244,91,91,244,244,244,244,True,False,False,True,False,True,True,False,False,True,True,True
27,199,199,199,199,199,199,199,199,199,199,199,199,199,True,True,True,True,True,True,True,True,True,True,True,True
28,159,47,259,47,189,103,103,47,159,159,159,159,47,False,True,False,True,False,False,False,True,False,False,False,False
29,15,15,224,119,163,105,105,15,224,15,15,15,119,False,False,False,True,False,False,False,False,False,False,False,False
30,0,0,0,200,214,72,72,0,0,0,0,0,20,False,False,False,False,False,False,False,False,False,False,False,False
31,80,80,229,80,29,103,103,229,229,80,80,80,86,False,False,False,False,False,False,False,False,False,False,False,False
32,220,6,188,6,67,67,67,188,188,220,220,220,67,False,False,False,False,True,True,True,False,False,False,False,False
33,209,17,143,209,263,247,247,143,143,209,209,209,263,False,False,False,False,True,False,False,False,False,False,False,False
34,209,67,209,238,238,67,67,209,209,209,209,209,105,False,False,False,False,False,False,False,False,False,False,False,False
35,220,12,220,12,12,129,129,129,220,220,220,220,12,False,True,False,True,True,False,False,False,False,False,False,False
36,189,189,86,86,86,243,243,86,189,189,189,189,86,False,False,True,True,True,False,False,True,False,False,False,False
37,156,156,156,165,214,165,165,156,156,156,156,156,156,True,True,True,False,False,False,False,True,True,True,True,True
38,28,28,11,11,28,11,11,28,10,28,28,28,11,False,False,True,True,False,True,True,False,False,False,False,False
39,103,103,103,103,28,103,103,28,103,103,103,103,103,True,True,True,True,False,True,True,False,True,True,True,True
40,267,267,267,0,163,267,267,267,267,267,267,267,267,True,True,True,False,False,True,True,True,True,True,True,True
41,28,28,28,28,28,28,28,28,28,28,28,28,28,True,True,True,True,True,True,True,True,True,True,True,True
0,18,1,18,1,177,1,1,1,18,18,18,18,59,False,False,False,False,False,False,False,False,False,False,False,False
1,0,0,17,246,97,0,0,0,17,0,0,0,151,False,False,False,False,False,False,False,False,False,False,False,False
2,4,1,149,1,52,1,1,1,149,4,4,4,106,False,False,False,False,False,False,False,False,False,False,False,False
3,22,17,181,165,221,17,17,17,165,22,22,22,221,False,False,False,False,True,False,False,False,False,False,False,False
4,209,31,209,209,206,31,31,31,209,209,209,209,31,False,True,False,False,False,True,True,True,False,False,False,False
5,209,33,209,209,209,218,33,33,209,209,209,209,209,True,False,True,True,True,False,False,False,True,True,True,True
6,67,67,271,187,123,97,67,67,271,67,67,67,97,False,False,False,False,False,True,False,False,False,False,False,False
7,242,124,253,228,198,124,124,124,253,242,242,242,124,False,True,False,False,False,True,True,True,False,False,False,False
8,271,30,244,244,259,30,30,30,244,271,271,271,243,False,False,False,False,False,False,False,False,False,False,False,False
9,242,242,97,242,97,97,242,242,97,242,242,242,48,False,False,False,False,False,False,False,False,False,False,False,False
10,1,1,1,1,122,60,1,1,1,1,1,1,60,False,False,False,False,False,True,False,False,False,False,False,False
11,4,4,4,4,60,60,4,4,4,4,4,4,60,False,False,False,False,True,True,False,False,False,False,False,False
12,247,247,247,206,206,247,247,247,247,247,247,247,247,True,True,True,False,False,True,True,True,True,True,True,True
13,91,91,91,91,91,91,91,91,91,91,91,91,91,True,True,True,True,True,True,True,True,True,True,True,True
14,203,2,22,119,262,131,2,2,22,203,203,203,131,False,False,False,False,False,True,False,False,False,False,False,False
15,95,34,95,34,229,208,72,34,95,95,95,95,87,False,False,False,False,False,False,False,False,False,False,False,False
16,149,72,119,119,199,73,72,72,119,149,149,149,73,False,False,False,False,False,True,False,False,False,False,False,False
17,238,6,238,238,35,198,242,6,92,238,238,238,92,False,False,False,False,False,False,False,False,True,False,False,False
18,203,2,149,203,203,236,242,2,149,203,203,203,236,False,False,False,False,False,True,False,False,False,False,False,False
19,24,24,268,268,87,164,24,24,268,24,24,24,24,True,True,False,False,False,False,True,True,False,True,True,True
20,253,77,20,77,253,60,20,77,20,253,253,253,253,True,False,False,False,True,False,False,False,False,True,True,True
21,140,140,191,246,57,57,247,140,191,140,140,140,140,True,True,False,False,False,False,False,True,False,True,True,True
22,2,2,2,206,65,2,2,2,2,2,2,2,65,False,False,False,False,True,False,False,False,False,False,False,False
23,157,62,181,157,62,208,181,62,181,157,157,157,62,False,True,False,False,True,False,False,True,False,False,False,False
24,149,149,46,46,149,236,149,149,46,149,149,149,149,True,True,False,False,True,False,True,True,False,True,True,True
25,198,198,198,199,199,198,198,198,198,198,198,198,198,True,True,True,False,False,True,True,True,True,True,True,True
26,242,149,242,242,149,242,242,149,242,242,242,242,149,False,True,False,False,True,False,False,True,False,False,False,False
27,259,259,259,259,259,259,259,259,259,259,259,259,259,True,True,True,True,True,True,True,True,True,True,True,True
28,157,91,149,157,91,260,103,91,149,157,157,157,201,False,False,False,False,False,False,False,False,False,False,False,False
29,142,77,149,142,189,189,193,77,149,142,142,142,189,False,False,False,False,True,True,False,False,False,False,False,False
30,127,94,229,94,218,127,181,232,229,127,127,127,127,True,False,False,False,False,True,False,False,False,True,True,True
31,143,72,143,246,143,10,93,146,143,143,143,143,143,True,False,True,False,True,False,False,False,True,True,True,True
32,184,62,120,120,163,124,184,214,184,184,184,184,269,False,False,False,False,False,False,False,False,False,False,False,False
33,120,221,120,120,269,221,65,46,65,120,120,120,269,False,False,False,False,True,False,False,False,False,False,False,False
34,203,1,203,1,206,161,65,203,203,203,203,203,134,False,False,False,False,False,False,False,False,False,False,False,False
35,184,154,154,86,86,260,184,86,154,184,184,184,196,False,False,False,False,False,False,False,False,False,False,False,False
36,271,91,195,91,247,60,195,271,195,271,271,271,60,False,False,False,False,False,True,False,False,False,False,False,False
37,4,77,149,77,149,57,149,4,149,4,4,4,57,False,False,False,False,False,True,False,False,False,False,False,False
38,215,215,215,0,218,215,215,260,215,215,215,215,260,False,False,False,False,False,False,False,True,False,False,False,False
39,247,247,247,247,247,10,247,247,247,247,247,247,10,False,False,False,False,False,True,False,False,False,False,False,False
40,57,57,57,0,163,57,57,57,57,57,57,57,163,False,False,False,False,True,False,False,False,False,False,False,False
41,199,199,199,199,199,199,199,199,199,199,199,199,199,True,True,True,True,True,True,True,True,True,True,True,True
0,15,1,15,238,1,1,1,1,15,15,15,15,180,False,False,False,False,False,False,False,False,False,False,False,False
1,157,77,184,157,101,77,77,77,184,157,157,157,132,False,False,False,False,False,False,False,False,False,False,False,False
2,209,30,209,209,221,30,30,30,209,209,209,209,177,False,False,False,False,False,False,False,False,False,False,False,False
3,22,22,222,94,87,22,22,22,222,22,22,22,94,False,False,False,True,False,False,False,False,False,False,False,False
4,89,12,89,182,267,12,12,12,89,89,89,89,187,False,False,False,False,False,False,False,False,False,False,False,False
5,140,140,140,110,110,110,140,140,140,140,140,140,110,False,False,False,True,True,True,False,False,False,False,False,False
6,203,1,203,1,28,1,1,1,203,203,203,203,29,False,False,False,False,False,False,False,False,False,False,False,False
7,17,17,184,17,129,17,17,17,17,17,17,17,93,False,False,False,False,False,False,False,False,False,False,False,False
8,105,6,6,6,65,6,6,6,6,105,105,105,65,False,False,False,False,True,False,False,False,False,False,False,False
9,157,156,247,157,157,157,156,156,247,157,157,157,157,True,False,False,True,True,True,False,False,False,True,True,True
10,184,30,221,165,184,165,30,30,221,184,184,184,165,False,False,False,True,False,True,False,False,False,False,False,False
11,92,92,92,92,163,92,92,92,92,92,92,92,87,False,False,False,False,False,False,False,False,False,False,False,False
12,267,30,267,0,267,267,30,30,267,267,267,267,30,False,True,False,False,False,False,True,True,False,False,False,False
13,198,198,198,198,198,198,198,198,198,198,198,198,198,True,True,True,True,True,True,True,True,True,True,True,True
14,159,21,107,94,234,94,21,21,107,159,159,159,19,False,False,False,False,False,False,False,False,False,False,False,False
15,80,22,247,80,22,80,22,22,247,80,80,80,104,False,False,False,False,False,False,False,False,False,False,False,False
16,18,1,94,94,244,94,62,1,94,18,18,18,195,False,False,False,False,False,False,False,False,False,False,False,False
17,22,22,187,94,187,94,22,22,187,22,22,22,181,False,False,False,False,False,False,False,False,False,False,False,False
18,255,2,255,146,56,146,255,2,255,255,255,255,2,False,True,False,False,False,False,False,True,False,False,False,False
19,203,53,185,94,222,94,185,53,185,203,203,203,158,False,False,False,False,False,False,False,False,False,False,False,False
20,140,89,231,228,57,228,140,89,231,140,140,140,93,False,False,False,False,False,False,False,False,False,False,False,False
21,215,215,46,244,253,244,253,215,46,215,215,215,244,False,False,False,True,False,True,False,False,False,False,False,False
22,4,4,4,4,123,4,259,4,4,4,4,4,123,False,False,False,False,True,False,False,False,False,False,False,False
23,167,167,247,167,42,167,167,167,247,167,167,167,167,True,True,False,True,False,True,True,True,False,True,True,True
24,156,1,268,1,1,1,1,1,268,156,156,156,244,False,False,False,False,False,False,False,False,False,False,False,False
25,149,149,149,187,187,149,149,149,149,149,149,149,187,False,False,False,True,True,False,False,False,False,False,False,False
26,57,206,57,206,57,57,57,206,57,57,57,57,57,True,False,True,False,True,True,True,False,True,True,True,True
27,269,269,269,269,269,269,269,269,269,269,269,269,269,True,True,True,True,True,True,True,True,True,True,True,True
28,131,1,16,1,215,1,16,1,16,131,131,131,58,False,False,False,False,False,False,False,False,False,False,False,False
29,22,22,177,142,97,142,22,22,177,22,22,22,241,False,False,False,False,False,False,False,False,False,False,False,False
30,203,6,203,96,28,96,6,6,203,203,203,203,96,False,False,False,True,False,True,False,False,False,False,False,False
31,140,67,140,120,194,120,140,140,140,140,140,140,67,False,True,False,False,False,False,False,False,False,False,False,False
32,188,72,188,110,170,110,188,188,188,188,188,188,72,False,True,False,False,False,False,False,False,False,False,False,False
33,203,24,196,228,228,228,196,196,196,203,203,203,24,False,True,False,False,False,False,False,False,False,False,False,False
34,142,105,16,142,268,142,16,16,16,142,142,142,142,True,False,False,True,False,True,False,False,False,True,True,True
35,119,269,119,119,123,119,119,119,269,119,119,119,119,True,False,True,True,False,True,True,True,False,True,True,True
36,215,1,16,1,16,1,16,16,16,215,215,215,1,False,True,False,True,False,True,False,False,False,False,False,False
37,22,22,22,22,89,22,22,22,22,22,22,22,97,False,False,False,False,False,False,False,False,False,False,False,False
38,203,107,107,107,57,203,203,203,107,203,203,203,107,False,True,True,True,False,False,False,False,True,False,False,False
39,140,140,140,140,267,140,140,140,140,140,140,140,220,False,False,False,False,False,False,False,False,False,False,False,False
40,149,149,149,149,161,149,149,149,149,149,149,149,161,False,False,False,False,True,False,False,False,False,False,False,False
41,220,220,220,220,220,220,220,220,220,220,220,220,220,True,True,True,True,True,True,True,True,True,True,True,True
0,231,107,231,239,60,107,107,107,231,231,231,231,239,False,False,False,True,False,False,False,False,False,False,False,False
1,209,6,209,209,271,6,6,6,209,209,209,209,209,True,False,True,True,False,False,False,False,True,True,True,True
2,92,89,267,86,84,89,89,89,267,92,92,92,114,False,False,False,False,False,False,False,False,False,False,False,False
3,209,67,95,209,77,67,67,67,95,209,209,209,209,True,False,False,True,False,False,False,False,False,True,True,True
4,80,24,267,80,30,24,24,24,267,80,80,80,80,True,False,False,True,False,False,False,False,False,True,True,True
5,157,67,157,157,103,67,67,67,157,157,157,157,61,False,False,False,False,False,False,False,False,False,False,False,False
6,215,103,103,61,16,103,103,103,103,215,215,215,61,False,False,False,True,False,False,False,False,False,False,False,False
7,22,21,232,21,243,105,21,21,105,22,22,22,87,False,False,False,False,False,False,False,False,False,False,False,False
8,231,231,28,228,46,82,231,231,28,231,231,231,228,False,False,False,True,False,False,False,False,False,False,False,False
9,271,195,271,195,271,195,195,195,271,271,271,271,44,False,False,False,False,False,False,False,False,False,False,False,False
10,4,4,4,4,84,158,4,4,4,4,4,4,4,True,True,True,True,False,False,True,True,True,True,True,True
11,167,167,167,167,65,65,167,167,167,167,167,167,167,True,True,True,True,False,False,True,True,True,True,True,True
12,184,30,184,184,30,184,30,30,184,184,184,184,184,True,False,True,True,False,True,False,False,True,True,True,True
13,206,206,206,206,206,206,206,206,206,206,206,206,206,True,True,True,True,True,True,True,True,True,True,True,True
14,271,1,89,1,70,158,1,1,89,271,271,271,70,False,False,False,False,True,False,False,False,False,False,False,False
15,0,0,226,94,161,67,94,0,226,0,0,0,226,False,False,True,False,False,False,False,False,True,False,False,False
16,140,0,140,119,119,243,1,0,140,140,140,140,119,False,False,False,True,True,False,False,False,False,False,False,False
17,92,105,105,186,105,105,186,105,105,92,92,92,204,False,False,False,False,False,False,False,False,False,False,False,False
18,231,6,231,167,6,231,167,6,231,231,231,231,214,False,False,False,False,False,False,False,False,False,False,False,False
19,248,95,248,119,95,65,182,95,248,248,248,248,182,False,False,False,False,False,False,True,False,False,False,False,False
20,143,143,143,178,87,247,178,143,143,143,143,143,178,False,False,False,True,False,False,True,False,False,False,False,False
21,92,89,92,228,228,271,228,89,271,92,92,92,271,False,False,False,False,False,True,False,False,True,False,False,False
22,271,89,271,187,163,187,89,89,89,271,271,271,4,False,False,False,False,False,False,False,False,False,False,False,False
23,67,6,67,231,231,67,6,6,67,67,67,67,231,False,False,False,True,True,False,False,False,False,False,False,False
24,140,140,243,140,140,243,140,140,243,140,140,140,271,False,False,False,False,False,False,False,False,False,False,False,False
25,92,92,92,92,16,92,92,92,92,92,92,92,199,False,False,False,False,False,False,False,False,False,False,False,False
26,232,6,232,6,232,232,6,6,232,232,232,232,232,True,False,True,False,True,True,False,False,True,True,True,True
27,243,243,243,243,243,243,243,243,243,243,243,243,243,True,True,True,True,True,True,True,True,True,True,True,True
28,238,131,247,238,220,247,238,131,188,238,238,238,226,False,False,False,False,False,False,False,False,False,False,False,False
29,24,17,253,17,24,24,150,17,253,24,24,24,51,False,False,False,False,False,False,False,False,False,False,False,False
30,24,1,229,1,185,24,1,112,229,24,24,24,112,False,False,False,False,False,False,False,True,False,False,False,False
31,203,1,6,119,119,2,157,203,6,203,203,203,120,False,False,False,False,False,False,False,False,False,False,False,False
32,157,6,72,157,246,72,157,206,92,157,157,157,86,False,False,False,False,False,False,False,False,False,False,False,False
33,5,5,5,244,92,247,244,231,5,5,5,5,101,False,False,False,False,False,False,False,False,False,False,False,False
34,17,17,17,244,185,103,244,17,17,17,17,17,17,True,True,True,False,False,False,False,True,True,True,True,True
35,95,2,95,17,17,2,95,17,95,95,95,95,17,False,False,False,True,True,False,False,True,False,False,False,False
36,220,167,4,167,4,243,167,4,4,220,220,220,4,False,False,True,False,True,False,False,True,True,False,False,False
37,24,24,150,150,256,24,150,150,150,24,24,24,150,False,False,True,True,False,False,True,True,True,False,False,False
38,24,24,24,229,44,24,229,229,24,24,24,24,44,False,False,False,False,True,False,False,False,False,False,False,False
39,1,1,1,1,2,2,1,6,6,1,1,1,1,True,True,True,True,False,False,True,False,False,True,True,True
40,92,6,92,6,6,92,92,6,92,92,92,92,6,False,True,False,True,True,False,False,True,False,False,False,False
41,247,247,247,247,247,247,247,247,247,247,247,247,247,True,True,True,True,True,True,True,True,True,True,True,True
0,80,24,80,80,208,24,24,24,80,80,80,80,132,False,False,False,False,False,False,False,False,False,False,False,False
1,209,77,158,209,247,77,77,77,156,209,209,209,209,True,False,False,True,False,False,False,False,False,True,True,True
2,124,72,167,167,72,72,72,72,167,124,124,124,207,False,False,False,False,False,False,False,False,False,False,False,False
3,203,24,203,209,62,24,24,24,203,203,203,203,209,False,False,False,True,False,False,False,False,False,False,False,False
4,156,2,195,178,217,2,2,2,195,156,156,156,195,False,False,True,False,False,False,False,False,True,False,False,False
5,203,2,203,94,28,2,2,2,10,203,203,203,94,False,False,False,True,False,False,False,False,False,False,False,False
6,195,195,195,195,169,195,195,195,195,195,195,195,181,False,False,False,False,False,False,False,False,False,False,False,False
7,52,52,52,52,46,52,52,52,52,52,52,52,52,True,True,True,True,False,True,True,True,True,True,True,True
8,242,242,267,242,87,242,242,242,267,242,242,242,66,False,False,False,False,False,False,False,False,False,False,False,False
9,157,156,185,157,156,247,156,156,185,157,157,157,158,False,False,False,False,False,False,False,False,False,False,False,False
10,267,267,267,0,42,267,267,267,267,267,267,267,42,False,False,False,False,True,False,False,False,False,False,False,False
11,203,52,242,52,52,242,52,52,203,203,203,203,52,False,True,False,True,True,False,True,True,False,False,False,False
12,2,2,2,205,2,2,2,2,2,2,2,2,2,True,True,True,False,True,True,True,True,True,True,True,True
13,2,2,2,2,2,2,2,2,2,2,2,2,2,True,True,True,True,True,True,True,True,True,True,True,True
14,248,72,158,182,123,158,72,72,248,248,248,248,58,False,False,False,False,False,False,False,False,False,False,False,False
15,24,24,89,142,20,24,24,24,121,24,24,24,24,True,True,False,False,False,True,True,True,False,True,True,True
16,142,53,185,142,142,20,20,53,185,142,142,142,86,False,False,False,False,False,False,False,False,False,False,False,False
17,69,52,67,244,229,67,67,52,67,69,69,69,67,False,False,True,False,False,True,True,False,True,False,False,False
18,18,2,18,244,2,184,184,2,18,18,18,18,184,False,False,False,False,False,True,True,False,False,False,False,False
19,203,2,203,244,184,184,184,2,203,203,203,203,244,False,False,False,True,False,False,False,False,False,False,False,False
20,247,53,268,246,158,247,247,53,268,247,247,247,246,False,False,False,True,False,False,False,False,False,False,False,False
21,242,242,242,191,191,242,242,242,242,242,242,242,20,False,False,False,False,False,False,False,False,False,False,False,False
22,158,72,158,158,72,158,158,72,158,158,158,158,72,False,True,False,False,True,False,False,True,False,False,False,False
23,20,224,20,224,23,20,20,224,20,20,20,20,194,False,False,False,False,False,False,False,False,False,False,False,False
24,232,53,232,53,232,185,185,53,232,232,232,232,213,False,False,False,False,False,False,False,False,False,False,False,False
25,20,53,20,53,53,20,20,53,53,20,20,20,20,True,False,True,False,False,True,True,False,False,True,True,True
26,161,161,161,0,164,161,161,161,161,161,161,161,161,True,True,True,False,False,True,True,True,True,True,True,True
27,2,2,2,2,2,2,2,2,2,2,2,2,2,True,True,True,True,True,True,True,True,True,True,True,True
28,55,6,55,244,98,19,19,6,55,55,55,55,19,False,False,False,False,False,True,True,False,False,False,False,False
29,238,238,16,238,161,65,65,238,238,238,238,238,238,True,True,False,True,False,False,False,True,True,True,True,True
30,223,111,223,111,164,19,19,111,223,223,223,223,111,False,True,False,True,False,False,False,True,False,False,False,False
31,17,17,62,68,182,184,184,182,62,17,17,17,68,False,False,False,True,False,False,False,False,False,False,False,False
32,94,1,89,94,33,181,181,94,89,94,94,94,1,False,True,False,False,False,False,False,False,False,False,False,False
33,67,1,1,1,185,67,67,1,1,67,67,67,72,False,False,False,False,False,False,False,False,False,False,False,False
34,150,53,150,228,53,149,149,228,150,150,150,150,228,False,False,False,True,False,False,False,True,False,False,False,False
35,182,206,20,182,42,20,20,182,20,182,182,182,182,True,False,False,True,False,False,False,True,False,True,True,True
36,6,6,6,244,84,6,6,244,244,6,6,6,244,False,False,False,True,False,False,False,True,True,False,False,False
37,120,46,46,120,120,109,109,120,46,120,120,120,120,True,False,False,True,True,False,False,True,False,True,True,True
38,4,4,4,228,228,4,4,228,4,4,4,4,228,False,False,False,True,True,False,False,True,False,False,False,False
39,91,91,91,228,84,91,91,228,91,91,91,91,228,False,False,False,True,False,False,False,True,False,False,False,False
40,181,181,57,181,57,181,181,181,57,181,181,181,181,True,True,False,True,False,True,True,True,False,True,True,True
41,57,57,57,57,57,57,57,57,57,57,57,57,57,True,True,True,True,True,True,True,True,True,True,True,True
0,94,89,94,239,60,89,89,89,94,94,94,94,175,False,False,False,False,False,False,False,False,False,False,False,False
1,80,6,202,80,158,6,6,6,188,80,80,80,19,False,False,False,False,False,False,False,False,False,False,False,False
2,248,124,209,209,248,124,124,124,209,248,248,248,110,False,False,False,False,False,False,False,False,False,False,False,False
3,140,52,140,244,91,52,52,52,140,140,140,140,36,False,False,False,False,False,False,False,False,False,False,False,False
4,220,68,220,68,220,68,68,68,220,220,220,220,68,False,True,False,True,False,True,True,True,False,False,False,False
5,150,62,110,110,110,110,62,62,110,150,150,150,270,False,False,False,False,False,False,False,False,False,False,False,False
6,140,140,49,140,247,140,140,140,49,140,140,140,140,True,True,False,True,False,True,True,True,False,True,True,True
7,234,6,157,157,157,157,6,6,157,234,234,234,157,False,False,True,True,True,True,False,False,True,False,False,False
8,229,229,229,229,60,229,229,229,229,229,229,229,60,False,False,False,False,True,False,False,False,False,False,False,False
9,224,30,202,257,257,257,30,30,202,224,224,224,202,False,False,True,False,False,False,False,False,True,False,False,False
10,232,178,232,178,144,178,178,178,178,232,232,232,144,False,False,False,False,True,False,False,False,False,False,False,False
11,244,91,244,244,244,244,91,91,244,244,244,244,244,True,False,True,True,True,True,False,False,True,True,True,True
12,4,4,4,4,224,4,4,4,4,4,4,4,224,False,False,False,False,True,False,False,False,False,False,False,False
13,222,222,222,222,222,222,222,222,222,222,222,222,222,True,True,True,True,True,True,True,True,True,True,True,True
14,79,6,188,239,239,47,6,6,188,79,79,79,47,False,False,False,False,False,True,False,False,False,False,False,False
15,150,67,94,94,206,94,28,67,94,150,150,150,94,False,False,True,True,False,True,False,False,True,False,False,False
16,255,143,146,32,64,255,255,143,242,255,255,255,161,False,False,False,False,False,False,False,False,False,False,False,False
17,18,18,18,18,225,107,196,18,18,18,18,18,124,False,False,False,False,False,False,False,False,False,False,False,False
18,143,67,67,178,28,178,143,67,198,143,143,143,198,False,False,False,False,False,False,False,False,True,False,False,False
19,220,220,229,228,229,228,229,220,229,220,220,220,220,True,True,False,False,False,False,False,True,False,True,True,True
20,80,80,4,80,161,80,80,80,4,80,80,80,86,False,False,False,False,False,False,False,False,False,False,False,False
21,149,149,149,46,185,149,149,149,149,149,149,149,213,False,False,False,False,False,False,False,False,False,False,False,False
22,146,6,156,146,156,6,6,6,156,146,146,146,156,False,False,True,False,True,False,False,False,True,False,False,False
23,150,150,164,150,150,150,28,150,164,150,150,150,150,True,True,False,True,True,True,False,True,False,True,True,True
24,4,247,247,4,4,4,196,247,247,4,4,4,196,False,False,False,False,False,False,True,False,False,False,False,False
25,232,257,232,257,232,232,196,257,232,232,232,232,196,False,False,False,False,False,False,True,False,False,False,False,False
26,28,28,28,28,60,28,28,28,28,28,28,28,60,False,False,False,False,True,False,False,False,False,False,False,False
27,205,205,205,205,205,205,205,205,205,205,205,205,205,True,True,True,True,True,True,True,True,True,True,True,True
28,24,24,24,34,34,34,143,24,24,24,24,24,34,False,False,False,True,True,True,False,False,False,False,False,False
29,209,187,241,209,270,209,209,187,241,209,209,209,209,True,False,False,True,False,True,True,False,False,True,True,True
30,209,107,222,209,100,209,100,107,222,209,209,209,215,False,False,False,False,False,False,False,False,False,False,False,False
31,143,143,143,178,178,178,143,247,143,143,143,143,178,False,False,False,True,True,True,False,False,False,False,False,False
32,80,80,158,80,222,80,160,158,158,80,80,80,80,True,True,False,True,False,True,False,False,False,True,True,True
33,143,6,143,239,10,239,143,143,143,143,143,143,10,False,False,False,False,True,False,False,False,False,False,False,False
34,22,22,22,22,231,22,22,22,22,22,22,22,269,False,False,False,False,False,False,False,False,False,False,False,False
35,231,2,149,244,205,244,149,2,149,231,231,231,32,False,False,False,False,False,False,False,False,False,False,False,False
36,143,143,143,182,231,182,143,143,143,143,143,143,182,False,False,False,True,False,True,False,False,False,False,False,False
37,120,120,205,120,120,120,120,120,205,120,120,120,267,False,False,False,False,False,False,False,False,False,False,False,False
38,182,222,182,182,244,182,182,182,182,182,182,182,182,True,False,True,True,False,True,True,True,True,True,True,True
39,220,156,220,101,101,156,220,220,220,220,220,220,220,True,False,True,False,False,False,True,True,True,True,True,True
40,222,165,222,165,222,165,222,165,222,222,222,222,165,False,True,False,True,False,True,False,True,False,False,False,False
41,46,46,46,46,46,46,46,46,46,46,46,46,46,True,True,True,True,True,True,True,True,True,True,True,True
0,80,53,80,80,67,53,53,53,80,80,80,80,74,False,False,False,False,False,False,False,False,False,False,False,False
1,128,53,177,178,177,53,53,53,177,128,128,128,128,True,False,False,False,False,False,False,False,False,True,True,True
2,24,1,24,96,65,1,1,1,24,24,24,24,125,False,False,False,False,False,False,False,False,False,False,False,False
3,209,146,253,209,134,146,146,146,253,209,209,209,209,True,False,False,True,False,False,False,False,False,True,True,True
4,80,24,161,80,30,24,24,24,161,80,80,80,80,True,False,False,True,False,False,False,False,False,True,True,True
5,209,30,229,209,146,107,30,30,229,209,209,209,146,False,False,False,False,True,False,False,False,False,False,False,False
6,143,143,110,110,215,143,143,143,110,143,143,143,110,False,False,True,True,False,False,False,False,True,False,False,False
7,229,91,91,120,120,229,91,91,91,229,229,229,120,False,False,False,True,True,False,False,False,False,False,False,False
8,242,53,242,53,105,242,53,53,242,242,242,242,53,False,True,False,True,False,False,True,True,False,False,False,False
9,191,53,191,53,191,187,53,53,191,191,191,191,191,True,False,True,False,True,False,False,False,True,True,True,True
10,89,1,65,1,1,65,1,1,65,89,89,89,1,False,True,False,True,True,False,True,True,False,False,False,False
11,16,16,16,16,23,16,16,16,16,16,16,16,23,False,False,False,False,True,False,False,False,False,False,False,False
12,30,30,30,84,30,30,30,30,30,30,30,30,84,False,False,False,True,False,False,False,False,False,False,False,False
13,167,167,167,167,167,167,167,167,167,167,167,167,167,True,True,True,True,True,True,True,True,True,True,True,True
14,5,5,5,80,89,242,5,5,5,5,5,5,91,False,False,False,False,False,False,False,False,False,False,False,False
15,203,94,143,94,20,20,143,94,143,203,203,203,94,False,True,False,True,False,False,False,True,False,False,False,False
16,94,62,143,94,173,195,143,62,143,94,94,94,265,False,False,False,False,False,False,False,False,False,False,False,False
17,0,0,0,1,211,24,0,0,0,0,0,0,146,False,False,False,False,False,False,False,False,False,False,False,False
18,95,53,234,182,4,95,95,53,234,95,95,95,234,False,False,True,False,False,False,False,False,True,False,False,False
19,80,77,231,80,236,231,89,77,231,80,80,80,112,False,False,False,False,False,False,False,False,False,False,False,False
20,140,124,140,246,140,140,140,124,140,140,140,140,86,False,False,False,False,False,False,False,False,False,False,False,False
21,146,1,146,1,246,146,1,1,146,146,146,146,246,False,False,False,False,True,False,False,False,False,False,False,False
22,215,89,242,246,246,242,89,89,242,215,215,215,246,False,False,False,True,True,False,False,False,False,False,False,False
23,203,203,20,182,203,20,203,203,20,203,203,203,61,False,False,False,False,False,False,False,False,False,False,False,False
24,232,62,247,165,165,247,62,62,247,232,232,232,232,True,False,False,False,False,False,False,False,False,True,True,True
25,1,1,222,1,1,1,1,1,222,1,1,1,222,False,False,True,False,False,False,False,False,True,False,False,False
26,92,222,222,222,92,92,92,222,222,92,92,92,222,False,True,True,True,False,False,False,True,True,False,False,False
27,178,178,178,178,178,178,178,178,178,178,178,178,178,True,True,True,True,True,True,True,True,True,True,True,True
28,248,0,248,239,149,67,248,0,248,248,248,248,239,False,False,False,True,False,False,False,False,False,False,False,False
29,94,93,143,94,143,93,143,93,143,94,94,94,257,False,False,False,False,False,False,False,False,False,False,False,False
30,209,143,143,209,221,20,143,20,143,209,209,209,258,False,False,False,False,False,False,False,False,False,False,False,False
31,255,6,255,8,42,247,255,247,255,255,255,255,8,False,False,False,True,False,False,False,False,False,False,False,False
32,17,17,47,47,17,184,184,184,47,17,17,17,47,False,False,True,True,False,False,False,False,True,False,False,False
33,157,157,46,157,157,65,157,65,46,157,157,157,46,False,False,True,False,False,False,False,False,True,False,False,False
34,140,140,140,140,194,195,140,195,140,140,140,140,194,False,False,False,False,True,False,False,False,False,False,False,False
35,142,77,77,142,84,20,142,20,77,142,142,142,142,True,False,False,True,False,False,True,False,False,True,True,True
36,157,149,149,157,149,149,149,149,149,157,157,157,157,True,False,False,True,False,False,False,False,False,True,True,True
37,103,103,244,244,228,103,16,103,244,103,103,103,228,False,False,False,False,True,False,False,False,False,False,False,False
38,253,253,253,206,206,20,253,20,253,253,253,253,206,False,False,False,True,True,False,False,False,False,False,False,False
39,6,6,6,228,60,6,6,6,6,6,6,6,228,False,False,False,True,False,False,False,False,False,False,False,False
40,17,17,17,178,17,17,17,178,17,17,17,17,17,True,True,True,False,True,True,True,False,True,True,True,True
41,157,157,157,157,157,157,157,157,157,157,157,157,157,True,True,True,True,True,True,True,True,True,True,True,True
0,124,89,124,86,168,89,89,89,124,124,124,124,85,False,False,False,False,False,False,False,False,False,False,False,False
1,255,6,124,95,199,6,6,6,124,255,255,255,95,False,False,False,True,False,False,False,False,False,False,False,False
2,95,1,97,142,95,1,1,1,97,95,95,95,95,True,False,False,False,True,False,False,False,False,True,True,True
3,215,105,16,112,215,105,105,105,16,215,215,215,16,False,False,True,False,False,False,False,False,True,False,False,False
4,203,22,203,94,187,22,22,22,203,203,203,203,89,False,False,False,False,False,False,False,False,False,False,False,False
5,31,31,4,182,31,188,31,31,4,31,31,31,31,True,True,False,False,True,False,True,True,False,True,True,True
6,143,143,143,120,35,143,143,143,143,143,143,143,202,False,False,False,False,False,False,False,False,False,False,False,False
7,203,203,215,203,215,203,203,203,203,203,203,203,215,False,False,True,False,True,False,False,False,False,False,False,False
8,28,97,257,257,97,28,97,97,257,28,28,28,97,False,True,False,False,True,False,True,True,False,False,False,False
9,6,6,6,6,199,6,6,6,6,6,6,6,198,False,False,False,False,False,False,False,False,False,False,False,False
10,184,154,184,154,161,154,154,154,154,184,184,184,154,False,True,False,True,False,True,True,True,True,False,False,False
11,215,215,215,0,215,215,215,215,215,215,215,215,215,True,True,True,False,True,True,True,True,True,True,True,True
12,60,257,60,257,257,257,257,257,257,60,60,60,60,True,False,True,False,False,False,False,False,False,True,True,True
13,60,60,60,60,60,60,60,60,60,60,60,60,60,True,True,True,True,True,True,True,True,True,True,True,True
14,238,17,95,238,17,95,17,17,238,238,238,238,240,False,False,False,False,False,False,False,False,False,False,False,False
15,203,107,188,209,209,188,203,107,203,203,203,203,87,False,False,False,False,False,False,False,False,False,False,False,False
16,92,52,92,120,198,92,205,52,92,92,92,92,92,True,False,True,False,False,True,False,False,True,True,True,True
17,95,2,95,167,2,95,271,2,95,95,95,95,114,False,False,False,False,False,False,False,False,False,False,False,False
18,31,24,143,68,24,143,77,24,143,31,31,31,143,False,False,True,False,False,True,False,False,True,False,False,False
19,167,21,247,167,198,16,224,21,247,167,167,167,21,False,True,False,False,False,False,False,True,False,False,False,False
20,143,143,143,143,161,143,257,143,143,143,143,143,84,False,False,False,False,False,False,False,False,False,False,False,False
21,203,80,203,80,80,28,203,80,203,203,203,203,28,False,False,False,False,False,True,False,False,False,False,False,False
22,129,52,52,165,262,129,53,52,52,129,129,129,129,True,False,False,False,False,True,False,False,False,True,True,True
23,203,142,203,142,262,203,203,142,203,203,203,203,176,False,False,False,False,False,False,False,False,False,False,False,False
24,52,52,205,52,243,52,205,52,205,52,52,52,205,False,False,True,False,False,False,True,False,True,False,False,False
25,247,165,247,165,247,247,56,165,247,247,247,247,56,False,False,False,False,False,False,True,False,False,False,False,False
26,184,184,184,244,244,184,184,184,184,184,184,184,244,False,False,False,True,True,False,False,False,False,False,False,False
27,167,167,167,167,167,167,167,167,167,167,167,167,167,True,True,True,True,True,True,True,True,True,True,True,True
28,157,2,129,157,20,129,231,2,129,157,157,157,196,False,False,False,False,False,False,False,False,False,False,False,False
29,231,107,16,110,16,16,231,107,16,231,231,231,269,False,False,False,False,False,False,False,False,False,False,False,False
30,140,17,17,86,140,140,17,242,140,140,140,140,189,False,False,False,False,False,False,False,False,False,False,False,False
31,18,17,253,96,224,253,18,24,96,18,18,18,253,False,False,True,False,False,True,False,False,False,False,False,False
32,234,231,120,120,42,151,234,212,120,234,234,234,151,False,False,False,False,False,True,False,False,False,False,False,False
33,143,142,143,142,195,143,143,195,143,143,143,143,10,False,False,False,False,False,False,False,False,False,False,False,False
34,149,33,149,33,134,149,77,149,149,149,149,149,149,True,False,True,False,False,True,False,True,True,True,True,True
35,238,53,242,238,53,145,53,242,242,238,238,238,145,False,False,False,False,False,True,False,False,False,False,False,False
36,231,2,231,231,208,231,231,2,2,231,231,231,161,False,False,False,False,False,False,False,False,False,False,False,False
37,231,165,231,165,165,231,231,165,231,231,231,231,211,False,False,False,False,False,False,False,False,False,False,False,False
38,17,17,17,17,30,17,17,17,17,17,17,17,30,False,False,False,False,True,False,False,False,False,False,False,False
39,17,17,17,228,228,17,17,17,17,17,17,17,228,False,False,False,True,True,False,False,False,False,False,False,False
40,208,212,208,212,208,208,208,212,208,208,208,208,208,True,False,True,False,True,True,True,False,True,True,True,True
41,109,109,109,109,109,109,109,109,109,109,109,109,109,True,True,True,True,True,True,True,True,True,True,True,True
0,271,6,271,182,87,6,6,6,271,271,271,271,108,False,False,False,False,False,False,False,False,False,False,False,False
1,18,18,18,120,120,18,18,18,93,18,18,18,19,False,False,False,False,False,False,False,False,False,False,False,False
2,140,17,140,157,220,17,17,17,140,140,140,140,220,False,False,False,False,True,False,False,False,False,False,False,False
3,5,5,107,192,165,5,5,5,107,5,5,5,107,False,False,True,False,False,False,False,False,True,False,False,False
4,209,1,247,209,52,1,1,1,247,209,209,209,19,False,False,False,False,False,False,False,False,False,False,False,False
5,238,6,236,238,236,238,6,6,236,238,238,238,65,False,False,False,False,False,False,False,False,False,False,False,False
6,80,33,156,80,165,80,33,33,156,80,80,80,156,False,False,True,False,False,False,False,False,True,False,False,False
7,89,30,89,62,30,89,30,30,89,89,89,89,62,False,False,False,True,False,False,False,False,False,False,False,False
8,271,6,156,32,65,6,6,6,271,271,271,271,270,False,False,False,False,False,False,False,False,False,False,False,False
9,120,30,82,120,120,120,30,30,82,120,120,120,208,False,False,False,False,False,False,False,False,False,False,False,False
10,140,140,140,140,134,140,140,140,140,140,140,140,45,False,False,False,False,False,False,False,False,False,False,False,False
11,156,156,156,167,167,167,156,156,156,156,156,156,156,True,True,True,False,False,False,True,True,True,True,True,True
12,209,1,209,209,209,209,1,1,209,209,209,209,209,True,False,True,True,True,True,False,False,True,True,True,True
13,62,62,62,62,62,62,62,62,62,62,62,62,62,True,True,True,True,True,True,True,True,True,True,True,True
14,24,1,231,233,175,1,1,1,231,24,24,24,19,False,False,False,False,False,False,False,False,False,False,False,False
15,140,22,140,245,224,245,245,22,140,140,140,140,269,False,False,False,False,False,False,False,False,False,False,False,False
16,17,6,229,182,103,182,182,6,229,17,17,17,269,False,False,False,False,False,False,False,False,False,False,False,False
17,255,6,255,119,6,119,119,6,255,255,255,255,220,False,False,False,False,False,False,False,False,False,False,False,False
18,229,229,229,182,247,182,182,229,229,229,229,229,202,False,False,False,False,False,False,False,False,False,False,False,False
19,215,30,146,246,236,246,246,30,146,215,215,215,103,False,False,False,False,False,False,False,False,False,False,False,False
20,0,0,0,246,72,246,246,0,0,0,0,0,187,False,False,False,False,False,False,False,False,False,False,False,False
21,253,6,253,6,253,6,6,6,253,253,253,253,270,False,False,False,False,False,False,False,False,False,False,False,False
22,215,1,1,1,215,1,1,1,1,215,215,215,260,False,False,False,False,False,False,False,False,False,False,False,False
23,140,140,221,228,218,228,228,140,221,140,140,140,221,False,False,True,False,False,False,False,False,True,False,False,False
24,229,6,247,229,6,229,229,6,247,229,229,229,72,False,False,False,False,False,False,False,False,False,False,False,False
25,255,6,255,255,6,255,255,6,255,255,255,255,267,False,False,False,False,False,False,False,False,False,False,False,False
26,229,229,229,229,270,229,229,229,229,229,229,229,270,False,False,False,False,True,False,False,False,False,False,False,False
27,221,221,221,221,221,221,221,221,221,221,221,221,221,True,True,True,True,True,True,True,True,True,True,True,True
28,27,2,140,209,7,209,209,2,140,27,27,27,27,True,False,False,False,False,False,False,False,False,True,True,True
29,238,24,190,238,33,238,238,24,190,238,238,238,103,False,False,False,False,False,False,False,False,False,False,False,False
30,0,0,0,142,163,142,142,247,0,0,0,0,131,False,False,False,False,False,False,False,False,False,False,False,False
31,15,15,15,95,95,15,15,95,15,15,15,15,126,False,False,False,False,False,False,False,False,False,False,False,False
32,229,47,47,47,199,47,47,47,47,229,229,229,124,False,False,False,False,False,False,False,False,False,False,False,False
33,209,95,95,209,229,209,209,241,95,209,209,209,241,False,False,False,False,False,False,False,True,False,False,False,False
34,24,24,92,120,249,120,120,24,92,24,24,24,24,True,True,False,False,False,False,False,True,False,True,True,True
35,4,62,62,165,62,165,165,146,62,4,4,4,236,False,False,False,False,False,False,False,False,False,False,False,False
36,140,2,2,228,140,228,228,2,140,140,140,140,189,False,False,False,False,False,False,False,False,False,False,False,False
37,220,33,92,33,33,92,92,92,92,220,220,220,109,False,False,False,False,False,False,False,False,False,False,False,False
38,89,89,89,89,163,89,89,89,89,89,89,89,134,False,False,False,False,False,False,False,False,False,False,False,False
39,259,259,259,259,54,259,259,259,259,259,259,259,54,False,False,False,False,True,False,False,False,False,False,False,False
40,161,161,161,0,208,161,161,161,161,161,161,161,161,True,True,True,False,False,True,True,True,True,True,True,True
41,208,208,208,208,208,208,208,208,208,208,208,208,208,True,True,True,True,True,True,True,True,True,True,True,True
0,238,5,238,238,195,5,5,5,238,238,238,238,26,False,False,False,False,False,False,False,False,False,False,False,False
1,80,67,77,80,77,67,67,67,77,80,80,80,16,False,False,False,False,False,False,False,False,False,False,False,False
2,140,22,124,119,262,22,22,22,181,140,140,140,151,False,False,False,False,False,False,False,False,False,False,False,False
3,157,6,157,119,263,6,6,6,195,157,157,157,263,False,False,False,False,True,False,False,False,False,False,False,False
4,271,53,178,178,260,53,53,53,178,271,271,271,185,False,False,False,False,False,False,False,False,False,False,False,False
5,92,89,214,91,208,214,89,89,214,92,92,92,229,False,False,False,False,False,False,False,False,False,False,False,False
6,157,30,157,157,87,257,30,30,157,157,157,157,143,False,False,False,False,False,False,False,False,False,False,False,False
7,271,2,2,4,16,271,2,2,2,271,271,271,16,False,False,False,False,True,False,False,False,False,False,False,False
8,238,238,238,238,87,271,238,238,238,238,238,238,87,False,False,False,False,True,False,False,False,False,False,False,False
9,67,67,67,67,67,67,67,67,161,67,67,67,87,False,False,False,False,False,False,False,False,False,False,False,False
10,140,22,140,22,163,140,22,22,140,140,140,140,22,False,True,False,True,False,False,True,True,False,False,False,False
11,6,6,6,228,228,217,6,6,6,6,6,6,217,False,False,False,False,False,True,False,False,False,False,False,False
12,156,156,156,205,205,205,156,156,156,156,156,156,156,True,True,True,False,False,False,True,True,True,True,True,True
13,91,91,91,91,91,91,91,91,91,91,91,91,91,True,True,True,True,True,True,True,True,True,True,True,True
14,140,6,177,182,158,231,6,6,177,140,140,140,240,False,False,False,False,False,False,False,False,False,False,False,False
15,69,17,209,209,72,69,22,17,209,69,69,69,22,False,False,False,False,False,False,True,False,False,False,False,False
16,69,69,193,167,195,69,253,69,193,69,69,69,193,False,False,True,False,False,False,False,False,True,False,False,False
17,138,24,92,138,89,226,92,24,92,138,138,138,24,False,True,False,False,False,False,False,True,False,False,False,False
18,203,176,238,238,243,203,92,176,238,203,203,203,263,False,False,False,False,False,False,False,False,False,False,False,False
19,22,22,187,96,96,96,22,22,187,22,22,22,187,False,False,True,False,False,False,False,False,True,False,False,False
20,103,62,103,62,62,232,62,62,103,103,103,103,103,True,False,True,False,False,False,False,False,True,True,True,True
21,149,30,149,167,167,224,149,30,149,149,149,149,149,True,False,True,False,False,False,True,False,True,True,True,True
22,140,6,182,182,6,182,140,6,182,140,140,140,100,False,False,False,False,False,False,False,False,False,False,False,False
23,69,17,69,228,17,69,69,17,69,69,69,69,69,True,False,True,False,False,True,True,False,True,True,True,True
24,69,69,72,244,205,69,69,69,72,69,69,69,72,False,False,True,False,False,False,False,False,True,False,False,False
25,92,77,92,77,92,77,92,77,92,92,92,92,105,False,False,False,False,False,False,False,False,False,False,False,False
26,238,238,238,238,243,238,238,238,238,238,238,238,238,True,True,True,True,False,True,True,True,True,True,True,True
27,228,228,228,228,228,228,228,228,228,228,228,228,228,True,True,True,True,True,True,True,True,True,True,True,True
28,95,17,167,167,97,17,95,17,167,95,95,95,95,True,False,False,False,False,False,True,False,False,True,True,True
29,95,72,72,246,32,231,95,72,72,95,95,95,95,True,False,False,False,False,False,True,False,False,True,True,True
30,238,9,140,238,140,191,140,187,140,238,238,238,9,False,True,False,False,False,False,False,False,False,False,False,False
31,22,17,22,157,67,17,22,67,22,22,22,22,103,False,False,False,False,False,False,False,False,False,False,False,False
32,15,0,15,238,15,53,15,247,238,15,15,15,0,False,True,False,False,False,False,False,False,False,False,False,False
33,95,17,95,167,57,203,95,95,167,95,95,95,95,True,False,True,False,False,False,True,True,False,True,True,True
34,140,0,140,119,119,119,140,140,140,140,140,140,0,False,True,False,False,False,False,False,False,False,False,False,False
35,140,140,140,140,87,231,140,184,140,140,140,140,184,False,False,False,False,False,False,False,True,False,False,False,False
36,22,22,22,167,262,167,22,22,22,22,22,22,22,True,True,True,False,False,False,True,True,True,True,True,True
37,92,92,25,246,25,205,92,25,25,92,92,92,25,False,False,True,False,True,False,False,True,True,False,False,False
38,140,140,140,238,238,238,140,140,140,140,140,140,253,False,False,False,False,False,False,False,False,False,False,False,False
39,22,17,17,17,17,17,22,22,17,22,22,22,22,True,False,False,False,False,False,True,True,False,True,True,True
40,253,253,253,253,253,253,253,253,253,253,253,253,253,True,True,True,True,True,True,True,True,True,True,True,True
41,167,167,167,167,167,167,167,167,167,167,167,167,167,True,True,True,True,True,True,True,True,True,True,True,True
0,15,15,15,80,10,15,15,15,15,15,15,15,128,False,False,False,False,False,False,False,False,False,False,False,False
1,0,0,0,94,202,0,0,0,0,0,0,0,0,True,True,True,False,False,True,True,True,True,True,True,True
2,24,1,238,238,24,1,1,1,238,24,24,24,258,False,False,False,False,False,False,False,False,False,False,False,False
3,203,165,92,165,185,165,165,165,92,203,203,203,203,True,False,False,False,False,False,False,False,False,True,True,True
4,203,12,242,119,87,12,12,12,242,203,203,203,203,True,False,False,False,False,False,False,False,False,True,True,True
5,150,2,195,244,205,150,2,2,195,150,150,150,195,False,False,True,False,False,False,False,False,True,False,False,False
6,253,6,253,120,185,253,6,6,236,253,253,253,185,False,False,False,False,True,False,False,False,False,False,False,False
7,80,2,6,80,178,80,2,2,6,80,80,80,178,False,False,False,False,True,False,False,False,False,False,False,False
8,22,22,22,22,253,22,22,22,22,22,22,22,268,False,False,False,False,False,False,False,False,False,False,False,False
9,67,6,67,146,72,67,6,6,67,67,67,67,146,False,False,False,True,False,False,False,False,False,False,False,False
10,158,1,158,1,65,158,1,1,158,158,158,158,158,True,False,True,False,False,True,False,False,True,True,True,True
11,185,221,185,185,221,185,221,221,185,185,185,185,185,True,False,True,True,False,True,False,False,True,True,True,True
12,242,149,149,242,149,242,149,149,149,242,242,242,242,True,False,False,True,False,True,False,False,False,True,True,True
13,2,2,2,2,2,2,2,2,2,2,2,2,2,True,True,True,True,True,True,True,True,True,True,True,True
14,190,0,2,167,0,190,0,0,2,190,190,190,190,True,False,False,False,False,True,False,False,False,True,True,True
15,89,1,232,1,124,89,89,1,232,89,89,89,232,False,False,True,False,False,False,False,False,True,False,False,False
16,238,62,16,238,236,238,238,62,16,238,238,238,62,False,True,False,False,False,False,False,True,False,False,False,False
17,188,53,188,182,182,188,188,53,188,188,188,188,112,False,False,False,False,False,False,False,False,False,False,False,False
18,89,30,89,142,149,89,89,30,89,89,89,89,271,False,False,False,False,False,False,False,False,False,False,False,False
19,18,18,18,182,220,18,18,18,18,18,18,18,18,True,True,True,False,False,True,True,True,True,True,True,True
20,203,89,89,238,259,238,89,89,89,203,203,203,213,False,False,False,False,False,False,False,False,False,False,False,False
21,203,203,242,238,203,238,92,203,242,203,203,203,92,False,False,False,False,False,False,True,False,False,False,False,False
22,2,2,2,257,236,2,151,2,2,2,2,2,151,False,False,False,False,False,False,True,False,False,False,False,False
23,89,89,158,89,215,89,89,89,158,89,89,89,89,True,True,False,True,False,True,True,True,False,True,True,True
24,238,238,238,238,236,238,238,238,236,238,238,238,35,False,False,False,False,False,False,False,False,False,False,False,False
25,188,188,267,65,267,188,188,188,267,188,188,188,188,True,True,False,False,False,True,True,True,False,True,True,True
26,242,30,242,242,242,242,242,30,242,242,242,242,242,True,False,True,True,True,True,True,False,True,True,True,True
27,57,57,57,57,57,57,57,57,57,57,57,57,57,True,True,True,True,True,True,True,True,True,True,True,True
28,248,22,248,110,89,248,248,22,248,248,248,248,128,False,False,False,False,False,False,False,False,False,False,False,False
29,188,188,188,201,65,188,188,188,188,188,188,188,201,False,False,False,True,False,False,False,False,False,False,False,False
30,242,6,129,182,215,242,242,242,129,242,242,242,91,False,False,False,False,False,False,False,False,False,False,False,False
31,203,6,6,203,23,203,203,203,6,203,203,203,271,False,False,False,False,False,False,False,False,False,False,False,False
32,107,107,107,182,60,107,149,149,107,107,107,107,149,False,False,False,False,False,False,True,True,False,False,False,False
33,0,0,124,178,124,0,0,0,124,0,0,0,0,True,True,False,False,False,True,True,True,False,True,True,True
34,232,124,244,244,57,232,232,232,244,232,232,232,23,False,False,False,False,False,False,False,False,False,False,False,False
35,242,242,259,119,242,242,242,242,259,242,242,242,259,False,False,True,False,False,False,False,False,True,False,False,False
36,89,77,195,178,195,89,89,89,195,89,89,89,77,False,True,False,False,False,False,False,False,False,False,False,False
37,214,101,214,101,214,214,214,214,214,214,214,214,214,True,False,True,False,True,True,True,True,True,True,True,True
38,242,6,242,6,195,242,242,242,242,242,242,242,84,False,False,False,False,False,False,False,False,False,False,False,False
39,203,6,203,203,6,203,203,203,203,203,203,203,203,True,False,True,True,False,True,True,True,True,True,True,True
40,182,182,182,182,182,182,182,182,182,182,182,182,182,True,True,True,True,True,True,True,True,True,True,True,True
41,0,42,0,42,42,42,42,42,0,0,0,0,42,False,True,False,True,True,True,True,True,False,False,False,False
0,223,17,223,178,178,17,17,17,223,223,223,223,223,True,False,True,False,False,False,False,False,True,True,True,True
1,124,6,6,86,16,6,6,6,6,124,124,124,124,True,False,False,False,False,False,False,False,False,True,True,True
2,157,142,157,142,271,142,142,142,157,157,157,157,143,False,False,False,False,False,False,False,False,False,False,False,False
3,0,0,0,119,242,0,0,0,0,0,0,0,0,True,True,True,False,False,True,True,True,True,True,True,True
4,140,26,140,53,236,26,26,26,184,140,140,140,26,False,True,False,False,False,True,True,True,False,False,False,False
5,95,30,95,94,46,95,30,30,95,95,95,95,95,True,False,True,False,False,True,False,False,True,True,True,True
6,247,6,247,157,157,247,6,6,247,247,247,247,187,False,False,False,False,False,False,False,False,False,False,False,False
7,253,157,214,182,214,253,157,157,214,253,253,253,60,False,False,False,False,False,False,False,False,False,False,False,False
8,188,17,17,165,236,188,17,17,17,188,188,188,200,False,False,False,False,False,False,False,False,False,False,False,False
9,268,91,156,91,156,268,91,91,268,268,268,268,156,False,False,True,False,True,False,False,False,False,False,False,False
10,214,214,214,228,23,214,214,214,214,214,214,214,60,False,False,False,False,False,False,False,False,False,False,False,False
11,236,206,236,206,236,236,206,206,236,236,236,236,164,False,False,False,False,False,False,False,False,False,False,False,False
12,53,53,236,53,53,53,53,53,236,53,53,53,236,False,False,True,False,False,False,False,False,True,False,False,False
13,156,156,156,156,156,156,156,156,156,156,156,156,156,True,True,True,True,True,True,True,True,True,True,True,True
14,252,22,252,167,253,252,22,22,252,252,252,252,252,True,False,True,False,False,True,False,False,True,True,True,True
15,248,22,110,110,22,248,248,22,103,248,248,248,270,False,False,False,False,False,False,False,False,False,False,False,False
16,203,6,253,245,57,203,203,6,253,203,203,203,161,False,False,False,False,False,False,False,False,False,False,False,False
17,203,156,92,119,232,92,92,156,92,203,203,203,92,False,False,True,False,False,True,True,False,True,False,False,False
18,238,2,259,238,123,238,238,2,259,238,238,238,220,False,False,False,False,False,False,False,False,False,False,False,False
19,89,62,232,246,232,89,89,62,232,89,89,89,62,False,True,False,False,False,False,False,True,False,False,False,False
20,72,72,72,187,7,72,72,72,72,72,72,72,262,False,False,False,False,False,False,False,False,False,False,False,False
21,157,1,191,1,185,157,157,1,157,157,157,157,98,False,False,False,False,False,False,False,False,False,False,False,False
22,203,72,203,167,203,203,203,72,167,203,203,203,100,False,False,False,False,False,False,False,False,False,False,False,False
23,53,53,53,165,91,53,53,53,53,53,53,53,87,False,False,False,False,False,False,False,False,False,False,False,False
24,17,17,245,245,165,17,17,17,245,17,17,17,57,False,False,False,False,False,False,False,False,False,False,False,False
25,157,157,157,157,157,157,157,157,157,157,157,157,165,False,False,False,False,False,False,False,False,False,False,False,False
26,231,231,231,231,231,231,231,231,231,231,231,231,208,False,False,False,False,False,False,False,False,False,False,False,False
27,214,214,214,214,214,214,214,214,214,214,214,214,214,True,True,True,True,True,True,True,True,True,True,True,True
28,24,1,229,209,202,24,24,1,229,24,24,24,202,False,False,False,False,True,False,False,False,False,False,False,False
29,103,8,253,238,253,103,103,8,238,103,103,103,260,False,False,False,False,False,False,False,False,False,False,False,False
30,22,22,146,120,228,22,22,22,146,22,22,22,196,False,False,False,False,False,False,False,False,False,False,False,False
31,190,21,190,120,165,190,190,190,190,190,190,190,190,True,False,True,False,False,True,True,True,True,True,True,True
32,140,52,140,110,189,140,140,140,140,140,140,140,189,False,False,False,False,True,False,False,False,False,False,False,False
33,67,30,188,244,188,67,188,67,188,67,67,67,260,False,False,False,False,False,False,False,False,False,False,False,False
34,231,6,6,120,260,231,6,231,6,231,231,231,260,False,False,False,False,True,False,False,False,False,False,False,False
35,92,62,92,120,267,92,92,92,92,92,92,92,92,True,False,True,False,False,True,True,True,True,True,True,True
36,229,1,156,1,57,229,229,229,229,229,229,229,229,True,False,False,False,False,True,True,True,True,True,True,True
37,205,217,205,217,60,205,205,205,205,205,205,205,60,False,False,False,False,True,False,False,False,False,False,False,False
38,146,30,146,167,30,146,146,146,146,146,146,146,30,False,True,False,False,True,False,False,False,False,False,False,False
39,165,30,91,165,165,165,165,165,91,165,165,165,30,False,True,False,False,False,False,False,False,False,False,False,False
40,140,140,140,140,60,140,140,140,140,140,140,140,60,False,False,False,False,True,False,False,False,False,False,False,False
41,30,30,30,30,30,30,30,30,30,30,30,30,30,True,True,True,True,True,True,True,True,True,True,True,True
0,14,14,14,94,93,14,14,14,14,14,14,14,14,True,True,True,False,False,True,True,True,True,True,True,True
1,190,89,94,94,110,89,89,89,94,190,190,190,190,True,False,False,False,False,False,False,False,False,True,True,True
2,119,6,191,119,56,6,6,6,247,119,119,119,56,False,False,False,False,True,False,False,False,False,False,False,False
3,15,15,157,157,4,15,15,15,157,15,15,15,15,True,True,False,False,False,True,True,True,False,True,True,True
4,188,91,120,120,123,91,91,91,120,188,188,188,97,False,False,False,False,False,False,False,False,False,False,False,False
5,17,1,67,1,10,17,1,1,17,17,17,17,10,False,False,False,False,True,False,False,False,False,False,False,False
6,1,1,253,1,1,191,1,1,253,1,1,1,253,False,False,True,False,False,False,False,False,True,False,False,False
7,95,95,158,95,95,49,95,95,95,95,95,95,95,True,True,False,True,True,False,True,True,True,True,True,True
8,4,247,259,61,259,4,247,247,259,4,4,4,236,False,False,False,False,False,False,False,False,False,False,False,False
9,154,89,154,154,87,247,89,89,154,154,154,154,89,False,True,False,False,False,False,True,True,False,False,False,False
10,247,30,247,247,30,247,30,30,247,247,247,247,30,False,True,False,False,True,False,True,True,False,False,False,False
11,140,140,140,140,140,140,140,140,140,140,140,140,253,False,False,False,False,False,False,False,False,False,False,False,False
12,20,20,20,20,20,20,20,20,20,20,20,20,20,True,True,True,True,True,True,True,True,True,True,True,True
13,91,91,91,91,91,91,91,91,91,91,91,91,91,True,True,True,True,True,True,True,True,True,True,True,True
14,203,33,67,238,238,203,33,33,67,203,203,203,201,False,False,False,False,False,False,False,False,False,False,False,False
15,209,24,231,209,129,231,209,24,92,209,209,209,88,False,False,False,False,False,False,False,False,False,False,False,False
16,80,67,89,80,89,91,80,67,89,80,80,80,189,False,False,False,False,False,False,False,False,False,False,False,False
17,143,12,143,47,244,206,47,12,156,143,143,143,47,False,False,False,True,False,False,True,False,False,False,False,False
18,238,143,143,238,215,231,238,143,143,238,238,238,238,True,False,False,True,False,False,True,False,False,True,True,True
19,4,149,4,4,241,4,4,149,4,4,4,4,97,False,False,False,False,False,False,False,False,False,False,False,False
20,229,53,229,53,29,53,53,53,229,229,229,229,270,False,False,False,False,False,False,False,False,False,False,False,False
21,131,77,77,77,20,77,77,77,77,131,131,131,131,True,False,False,False,False,False,False,False,False,True,True,True
22,203,77,203,61,205,203,203,77,203,203,203,203,61,False,False,False,True,False,False,False,False,False,False,False,False
23,92,129,92,92,129,92,92,129,218,92,92,92,218,False,False,False,False,False,False,False,False,True,False,False,False
24,215,165,215,165,215,165,165,165,215,215,215,215,211,False,False,False,False,False,False,False,False,False,False,False,False
25,165,165,236,165,236,165,165,165,236,165,165,165,236,False,False,True,False,True,False,False,False,True,False,False,False
26,215,215,215,0,161,215,215,215,215,215,215,215,215,True,True,True,False,False,True,True,True,True,True,True,True
27,149,149,149,149,149,149,149,149,149,149,149,149,149,True,True,True,True,True,True,True,True,True,True,True,True
28,238,22,22,238,210,234,238,22,22,238,238,238,60,False,False,False,False,False,False,False,False,False,False,False,False
29,231,6,182,182,181,231,231,6,6,231,231,231,73,False,False,False,False,False,False,False,False,False,False,False,False
30,22,22,22,119,22,232,119,22,22,22,22,22,119,False,False,False,True,False,False,True,False,False,False,False,False
31,209,94,95,209,178,222,209,95,95,209,209,209,94,False,True,False,False,False,False,False,False,False,False,False,False
32,255,30,255,182,258,258,182,255,255,255,255,255,255,True,False,True,False,False,False,False,True,True,True,True,True
33,220,187,188,187,20,46,46,188,188,220,220,220,220,True,False,False,False,False,False,False,False,False,True,True,True
34,1,1,6,1,191,191,46,6,6,1,1,1,1,True,True,False,True,False,False,False,False,False,True,True,True
35,157,2,157,157,221,157,157,253,157,157,157,157,2,False,True,False,False,False,False,False,False,False,False,False,False
36,89,89,36,89,28,36,89,89,36,89,89,89,249,False,False,False,False,False,False,False,False,False,False,False,False
37,231,30,20,231,100,231,231,100,20,231,231,231,218,False,False,False,False,False,False,False,False,False,False,False,False
38,92,165,92,165,165,165,165,92,92,92,92,92,92,True,False,True,False,False,False,False,True,True,True,True,True
39,222,222,222,222,236,222,222,222,222,222,222,222,123,False,False,False,False,False,False,False,False,False,False,False,False
40,57,91,91,91,91,91,91,91,91,57,57,57,57,True,False,False,False,False,False,False,False,False,True,True,True
41,247,247,247,247,247,247,247,247,247,247,247,247,247,True,True,True,True,True,True,True,True,True,True,True,True
0,209,52,209,209,61,52,52,52,209,209,209,209,36,False,False,False,False,False,False,False,False,False,False,False,False
1,80,1,80,80,214,1,1,1,80,80,80,80,87,False,False,False,False,False,False,False,False,False,False,False,False
2,107,47,221,47,105,47,47,47,221,107,107,107,19,False,False,False,False,False,False,False,False,False,False,False,False
3,22,2,146,182,222,2,2,2,146,22,22,22,93,False,False,False,False,False,False,False,False,False,False,False,False
4,238,165,259,238,165,165,165,165,221,238,238,238,214,False,False,False,False,False,False,False,False,False,False,False,False
5,140,17,215,119,215,119,17,17,215,140,140,140,17,False,True,False,False,False,False,True,True,False,False,False,False
6,238,17,181,238,10,238,17,17,181,238,238,238,181,False,False,True,False,False,False,False,False,True,False,False,False
7,4,188,188,4,225,4,188,188,241,4,4,4,49,False,False,False,False,False,False,False,False,False,False,False,False
8,156,52,158,165,158,165,52,52,158,156,156,156,158,False,False,True,False,True,False,False,False,True,False,False,False
9,22,22,22,22,214,258,22,22,22,22,22,22,214,False,False,False,False,True,False,False,False,False,False,False,False
10,221,77,129,77,77,77,77,77,129,221,221,221,77,False,True,False,True,True,True,True,True,False,False,False,False
11,222,2,2,222,258,222,2,2,2,222,222,222,222,True,False,False,True,False,True,False,False,False,True,True,True
12,247,165,165,165,247,165,165,165,247,247,247,247,165,False,True,True,True,False,True,True,True,False,False,False,False
13,0,123,0,123,123,123,123,123,0,0,0,0,123,False,True,False,True,True,True,True,True,False,False,False,False
14,203,17,103,110,203,110,17,17,103,203,203,203,189,False,False,False,False,False,False,False,False,False,False,False,False
15,140,2,140,165,165,165,91,2,140,140,140,140,124,False,False,False,False,False,False,False,False,False,False,False,False
16,209,67,67,209,72,209,191,67,67,209,209,209,191,False,False,False,False,False,False,True,False,False,False,False,False
17,15,15,146,120,243,120,146,15,146,15,15,15,146,False,False,True,False,False,False,True,False,True,False,False,False
18,203,1,184,1,22,1,203,1,184,203,203,203,184,False,False,True,False,False,False,False,False,True,False,False,False
19,242,165,191,165,244,165,191,165,191,242,242,242,36,False,False,False,False,False,False,False,False,False,False,False,False
20,248,22,52,165,161,165,248,22,52,248,248,248,52,False,False,True,False,False,False,False,False,True,False,False,False
21,238,30,224,238,262,238,224,30,224,238,238,238,224,False,False,True,False,False,False,True,False,True,False,False,False
22,203,17,103,244,123,244,203,17,103,203,203,203,103,False,False,True,False,False,False,False,False,True,False,False,False
23,140,2,140,91,212,91,91,2,2,140,140,140,212,False,False,False,False,True,False,False,False,False,False,False,False
24,188,72,188,149,188,72,188,72,188,188,188,188,72,False,True,False,False,False,True,False,True,False,False,False,False
25,229,222,222,228,228,228,222,222,229,229,229,229,222,False,True,True,False,False,False,True,True,False,False,False,False
26,52,52,52,52,52,52,268,52,52,52,52,52,52,True,True,True,True,True,True,False,True,True,True,True,True
27,205,205,205,205,205,205,205,205,205,205,205,205,205,True,True,True,True,True,True,True,True,True,True,True,True
28,128,2,19,239,30,239,128,2,19,128,128,128,128,True,False,False,False,False,False,True,False,False,True,True,True
29,5,5,5,120,129,120,17,5,5,5,5,5,93,False,False,False,False,False,False,False,False,False,False,False,False
30,174,33,174,182,191,182,174,129,174,174,174,174,174,True,False,True,False,False,False,True,False,True,True,True,True
31,203,24,140,142,143,142,203,140,140,203,203,203,24,False,True,False,False,False,False,False,False,False,False,False,False
32,157,157,195,157,195,157,271,157,195,157,157,157,195,False,False,True,False,True,False,False,False,True,False,False,False
33,143,52,193,52,52,193,143,143,193,143,143,143,260,False,False,False,False,False,False,False,False,False,False,False,False
34,271,2,271,53,271,53,271,149,271,271,271,271,181,False,False,False,False,False,False,False,False,False,False,False,False
35,92,229,92,229,28,191,191,92,92,92,92,92,191,False,False,False,False,False,True,True,False,False,False,False,False
36,46,30,46,187,30,187,46,187,46,46,46,46,46,True,False,True,False,False,False,True,False,True,True,True,True
37,17,17,17,17,129,17,17,129,17,17,17,17,17,True,True,True,True,False,True,True,False,True,True,True,True
38,191,191,191,257,257,191,191,191,191,191,191,191,191,True,True,True,False,False,True,True,True,True,True,True,True
39,203,203,203,203,203,203,203,203,203,203,203,203,249,False,False,False,False,False,False,False,False,False,False,False,False
40,157,157,271,157,157,157,271,157,271,157,157,157,271,False,False,True,False,False,False,True,False,True,False,False,False
41,0,23,0,23,23,23,23,23,0,0,0,0,23,False,True,False,True,True,True,True,True,False,False,False,False
0,255,31,255,238,19,31,31,31,255,255,255,255,201,False,False,False,False,False,False,False,False,False,False,False,False
1,209,6,156,209,225,6,6,6,156,209,209,209,142,False,False,False,False,False,False,False,False,False,False,False,False
2,150,146,158,228,228,146,146,146,158,150,150,150,218,False,False,False,False,False,False,False,False,False,False,False,False
3,17,17,143,17,221,17,17,17,143,17,17,17,60,False,False,False,False,False,False,False,False,False,False,False,False
4,143,2,178,178,229,2,2,2,178,143,143,143,178,False,False,True,True,False,False,False,False,True,False,False,False
5,220,91,258,246,258,132,91,91,258,220,220,220,220,True,False,False,False,False,False,False,False,False,True,True,True
6,22,22,214,22,77,22,22,22,267,22,22,22,87,False,False,False,False,False,False,False,False,False,False,False,False
7,248,149,248,248,10,248,149,149,248,248,248,248,10,False,False,False,False,True,False,False,False,False,False,False,False
8,242,129,129,242,129,242,129,129,129,242,242,242,129,False,True,True,False,True,False,True,True,True,False,False,False
9,184,6,6,184,185,184,6,6,184,184,184,184,184,True,False,False,True,False,True,False,False,True,True,True,True
10,198,185,185,228,198,185,185,185,185,198,198,198,185,False,True,True,False,False,True,True,True,True,False,False,False
11,221,200,253,200,200,221,200,200,253,221,221,221,221,True,False,False,False,False,True,False,False,False,True,True,True
12,229,229,198,229,229,229,229,229,198,229,229,229,198,False,False,True,False,False,False,False,False,True,False,False,False
13,84,84,84,84,84,84,84,84,84,84,84,84,84,True,True,True,True,True,True,True,True,True,True,True,True
14,94,94,242,94,46,242,94,94,242,94,94,94,147,False,False,False,False,False,False,False,False,False,False,False,False
15,209,30,215,245,30,106,209,30,229,209,209,209,245,False,False,False,True,False,False,False,False,False,False,False,False
16,150,21,21,119,7,107,120,21,21,150,150,150,220,False,False,False,False,False,False,False,False,False,False,False,False
17,143,143,143,119,258,181,119,143,143,143,143,143,215,False,False,False,False,False,False,False,False,False,False,False,False
18,131,131,231,142,144,215,142,131,231,131,131,131,144,False,False,False,False,True,False,False,False,False,False,False,False
19,18,2,241,18,20,241,18,2,241,18,18,18,10,False,False,False,False,False,False,False,False,False,False,False,False
20,17,2,17,167,164,107,167,2,17,17,17,17,42,False,False,False,False,False,False,False,False,False,False,False,False
21,229,30,229,200,229,89,232,30,229,229,229,229,89,False,False,False,False,False,True,False,False,False,False,False,False
22,242,242,242,182,173,242,182,242,242,242,242,242,173,False,False,False,False,True,False,False,False,False,False,False,False
23,215,30,214,214,28,215,215,30,214,215,215,215,215,True,False,False,False,False,True,True,False,False,True,True,True
24,150,150,150,150,243,243,150,150,150,150,150,150,7,False,False,False,False,False,False,False,False,False,False,False,False
25,258,258,258,258,258,258,258,258,258,258,258,258,23,False,False,False,False,False,False,False,False,False,False,False,False
26,215,215,215,0,215,215,215,215,215,215,215,215,267,False,False,False,False,False,False,False,False,False,False,False,False
27,46,46,46,46,46,46,46,46,46,46,46,46,46,True,True,True,True,True,True,True,True,True,True,True,True
28,80,22,195,245,271,195,80,22,195,80,80,80,245,False,False,False,True,False,False,False,False,False,False,False,False
29,203,6,20,246,20,20,178,6,20,203,203,203,176,False,False,False,False,False,False,False,False,False,False,False,False
30,203,2,2,173,203,2,173,229,229,203,203,203,124,False,False,False,False,False,False,False,False,False,False,False,False
31,80,52,89,80,208,158,80,89,89,80,80,80,80,True,False,False,True,False,False,True,False,False,True,True,True
32,140,89,140,157,184,184,157,140,140,140,140,140,260,False,False,False,False,False,False,False,False,False,False,False,False
33,22,22,22,167,129,247,167,22,22,22,22,22,97,False,False,False,False,False,False,False,False,False,False,False,False
34,140,140,140,246,215,20,246,140,140,140,140,140,246,False,False,False,True,False,False,True,False,False,False,False,False
35,1,1,185,1,122,1,1,185,185,1,1,1,1,True,True,False,True,False,True,True,False,False,True,True,True
36,232,30,198,232,30,232,232,232,198,232,232,232,168,False,False,False,False,False,False,False,False,False,False,False,False
37,215,6,6,6,6,215,6,6,6,215,215,215,54,False,False,False,False,False,False,False,False,False,False,False,False
38,229,2,229,77,161,2,77,229,229,229,229,229,161,False,False,False,False,True,False,False,False,False,False,False,False
39,205,7,205,205,35,205,205,205,205,205,205,205,35,False,False,False,False,True,False,False,False,False,False,False,False
40,161,161,161,84,84,161,161,161,161,161,161,161,161,True,True,True,False,False,True,True,True,True,True,True,True
41,129,129,129,129,129,129,129,129,129,129,129,129,129,True,True,True,True,True,True,True,True,True,True,True,True
0,238,17,238,238,167,17,17,17,238,238,238,238,85,False,False,False,False,False,False,False,False,False,False,False,False
1,0,0,146,228,0,0,0,0,146,0,0,0,0,True,True,False,False,True,True,True,True,False,True,True,True
2,24,24,89,192,23,24,24,24,89,24,24,24,89,False,False,True,False,False,False,False,False,True,False,False,False
3,71,68,71,68,258,68,68,68,71,71,71,71,71,True,False,True,False,False,False,False,False,True,True,True,True
4,203,6,80,80,244,6,6,6,80,203,203,203,6,False,True,False,False,False,True,True,True,False,False,False,False
5,22,22,22,246,22,22,22,22,22,22,22,22,22,True,True,True,False,True,True,True,True,True,True,True,True
6,95,95,178,178,236,95,95,95,178,95,95,95,95,True,True,False,False,False,True,True,True,False,True,True,True
7,158,1,158,1,23,158,1,1,158,158,158,158,42,False,False,False,False,False,False,False,False,False,False,False,False
8,184,17,17,167,167,184,17,17,17,184,184,184,17,False,True,True,False,False,False,True,True,True,False,False,False
9,222,222,185,228,185,222,222,222,185,222,222,222,185,False,False,True,False,True,False,False,False,True,False,False,False
10,257,257,257,257,134,257,257,257,257,257,257,257,134,False,False,False,False,True,False,False,False,False,False,False,False
11,4,77,4,77,4,4,77,77,4,4,4,4,4,True,False,True,False,True,True,False,False,True,True,True,True
12,167,167,167,167,167,167,167,167,167,167,167,167,258,False,False,False,False,False,False,False,False,False,False,False,False
13,77,77,77,77,77,77,77,77,77,77,77,77,77,True,True,True,True,True,True,True,True,True,True,True,True
14,67,6,271,80,132,67,6,6,271,67,67,67,113,False,False,False,False,False,False,False,False,False,False,False,False
15,24,24,129,119,24,24,24,24,157,24,24,24,87,False,False,False,False,False,False,False,False,False,False,False,False
16,143,96,238,238,184,143,143,96,184,143,143,143,56,False,False,False,False,False,False,False,False,False,False,False,False
17,4,30,110,110,212,4,4,30,4,4,4,4,56,False,False,False,False,False,False,False,False,False,False,False,False
18,143,30,232,178,97,143,143,30,232,143,143,143,143,True,False,False,False,False,True,True,False,False,True,True,True
19,203,52,52,167,52,203,203,52,52,203,203,203,46,False,False,False,False,False,False,False,False,False,False,False,False
20,271,77,271,157,77,271,271,77,271,271,271,271,124,False,False,False,False,False,False,False,False,False,False,False,False
21,1,1,11,1,1,1,1,1,11,1,1,1,60,False,False,False,False,False,False,False,False,False,False,False,False
22,271,6,165,165,165,6,6,6,271,271,271,271,6,False,True,False,False,False,True,True,True,False,False,False,False
23,247,129,247,228,247,129,129,129,247,247,247,247,129,False,True,False,False,False,True,True,True,False,False,False,False
24,143,143,205,143,143,143,143,143,205,143,143,143,262,False,False,False,False,False,False,False,False,False,False,False,False
25,206,206,206,206,208,206,206,206,206,206,206,206,208,False,False,False,False,True,False,False,False,False,False,False,False
26,186,30,186,186,30,186,186,30,30,186,186,186,30,False,True,False,False,True,False,False,True,True,False,False,False
27,4,4,4,4,4,4,4,4,4,4,4,4,4,True,True,True,True,True,True,True,True,True,True,True,True
28,255,67,255,182,259,255,255,67,255,255,255,255,151,False,False,False,False,False,False,False,False,False,False,False,False
29,69,68,103,119,103,69,69,68,69,69,69,69,87,False,False,False,False,False,False,False,False,False,False,False,False
30,22,22,22,22,126,22,22,22,22,22,22,22,22,True,True,True,True,False,True,True,True,True,True,True,True
31,188,149,188,157,232,188,188,188,188,188,188,188,159,False,False,False,False,False,False,False,False,False,False,False,False
32,92,6,92,120,112,92,92,92,92,92,92,92,112,False,False,False,False,True,False,False,False,False,False,False,False
33,158,12,158,246,158,158,158,158,158,158,158,158,56,False,False,False,False,False,False,False,False,False,False,False,False
34,22,1,150,119,150,22,22,22,150,22,22,22,22,True,False,False,False,False,True,True,True,False,True,True,True
35,149,6,149,4,6,149,149,149,149,149,149,149,256,False,False,False,False,False,False,False,False,False,False,False,False
36,181,91,181,91,91,181,181,181,181,181,181,181,214,False,False,False,False,False,False,False,False,False,False,False,False
37,119,119,259,119,119,119,119,119,259,119,119,119,204,False,False,False,False,False,False,False,False,False,False,False,False
38,231,222,231,222,84,231,231,231,231,231,231,231,231,True,False,True,False,False,True,True,True,True,True,True,True
39,188,149,188,206,188,188,188,188,188,188,188,188,188,True,False,True,False,True,True,True,True,True,True,True,True
40,84,84,84,84,134,84,84,84,84,84,84,84,84,True,True,True,True,False,True,True,True,True,True,True,True
41,163,163,163,163,163,163,163,163,163,163,163,163,163,True,True,True,True,True,True,True,True,True,True,True,True
0,255,2,255,80,184,2,2,2,255,255,255,255,255,True,False,True,False,False,False,False,False,True,True,True,True
1,255,0,19,245,245,0,0,0,19,255,255,255,19,False,False,True,False,False,False,False,False,True,False,False,False
2,92,4,120,120,161,4,4,4,120,92,92,92,32,False,False,False,False,False,False,False,False,False,False,False,False
3,143,6,142,142,20,6,6,6,142,143,143,143,153,False,False,False,False,False,False,False,False,False,False,False,False
4,248,30,247,244,244,30,30,30,247,248,248,248,198,False,False,False,False,False,False,False,False,False,False,False,False
5,271,105,105,167,144,57,105,105,105,271,271,271,105,False,True,True,False,False,False,True,True,True,False,False,False
6,215,165,271,165,215,215,165,165,271,215,215,215,181,False,False,False,False,False,False,False,False,False,False,False,False
7,17,17,178,178,271,269,17,17,17,17,17,17,178,False,False,True,True,False,False,False,False,False,False,False,False
8,184,2,236,184,262,236,2,2,46,184,184,184,184,True,False,False,True,False,False,False,False,False,True,True,True
9,142,91,142,142,91,164,91,91,142,142,142,142,142,True,False,True,True,False,False,False,False,True,True,True,True
10,4,4,181,4,181,161,4,4,181,4,4,4,181,False,False,True,False,True,False,False,False,True,False,False,False
11,149,149,57,149,57,57,149,149,57,149,149,149,123,False,False,False,False,False,False,False,False,False,False,False,False
12,215,30,215,0,215,215,30,30,215,215,215,215,215,True,False,True,False,True,True,False,False,True,True,True,True
13,144,144,144,144,144,144,144,144,144,144,144,144,144,True,True,True,True,True,True,True,True,True,True,True,True
14,203,6,24,142,244,156,6,6,24,203,203,203,147,False,False,False,False,False,False,False,False,False,False,False,False
15,18,18,110,110,206,161,16,18,16,18,18,18,110,False,False,True,True,False,False,False,False,False,False,False,False
16,138,2,6,138,138,220,6,2,6,138,138,138,138,True,False,False,True,True,False,False,False,False,True,True,True
17,192,62,92,192,199,131,92,62,92,192,192,192,192,True,False,False,True,False,False,False,False,False,True,True,True
18,156,62,222,110,208,156,62,62,222,156,156,156,155,False,False,False,False,False,False,False,False,False,False,False,False
19,203,103,129,111,156,156,129,103,203,203,203,203,111,False,False,False,True,False,False,False,False,False,False,False,False
20,2,2,2,86,206,57,86,2,2,2,2,2,86,False,False,False,True,False,False,True,False,False,False,False,False
21,231,231,231,120,120,57,28,231,231,231,231,231,120,False,False,False,True,True,False,False,False,False,False,False,False
22,203,6,203,167,167,156,6,6,203,203,203,203,167,False,False,False,True,True,False,False,False,False,False,False,False
23,244,206,244,244,206,161,244,206,244,244,244,244,262,False,False,False,False,False,False,False,False,False,False,False,False
24,182,6,6,182,6,198,6,6,6,182,182,182,182,True,False,False,True,False,False,False,False,False,True,True,True
25,221,221,221,257,221,221,257,221,221,221,221,221,199,False,False,False,False,False,False,False,False,False,False,False,False
26,156,156,156,178,156,156,178,156,156,156,156,156,178,False,False,False,True,False,False,True,False,False,False,False,False
27,208,208,208,208,208,208,208,208,208,208,208,208,208,True,True,True,True,True,True,True,True,True,True,True,True
28,248,107,209,209,209,97,248,107,209,248,248,248,209,False,False,True,True,True,False,False,False,True,False,False,False
29,203,2,203,119,265,104,95,2,203,203,203,203,95,False,False,False,False,False,False,True,False,False,False,False,False
30,260,6,260,119,36,260,6,242,242,260,260,260,36,False,False,False,False,True,False,False,False,False,False,False,False
31,15,1,15,1,224,10,15,177,15,15,15,15,177,False,False,False,False,False,False,False,True,False,False,False,False
32,92,1,1,1,60,60,92,103,1,92,92,92,103,False,False,False,False,False,False,False,True,False,False,False,False
33,143,33,143,228,236,236,143,195,143,143,143,143,52,False,False,False,False,False,False,False,False,False,False,False,False
34,24,24,224,119,119,10,119,24,224,24,24,24,147,False,False,False,False,False,False,False,False,False,False,False,False
35,157,1,268,1,267,156,157,156,268,157,157,157,157,True,False,False,False,False,False,True,False,False,True,True,True
36,271,242,242,242,271,97,259,242,242,271,271,271,242,False,True,True,True,False,False,False,True,True,False,False,False
37,203,2,2,203,2,215,203,2,2,203,203,203,262,False,False,False,False,False,False,False,False,False,False,False,False
38,242,30,242,242,20,30,214,242,242,242,242,242,20,False,False,False,False,True,False,False,False,False,False,False,False
39,224,224,224,224,164,198,224,198,224,224,224,224,164,False,False,False,False,True,False,False,False,False,False,False,False
40,92,2,92,92,92,92,92,2,92,92,92,92,92,True,False,True,True,True,True,True,False,True,True,True,True
41,236,236,236,236,236,236,236,236,236,236,236,236,236,True,True,True,True,True,True,True,True,True,True,True,True
0,209,62,209,245,148,62,62,62,209,209,209,209,245,False,False,False,True,False,False,False,False,False,False,False,False
1,0,0,119,119,77,0,0,0,163,0,0,0,0,True,True,False,False,False,True,True,True,False,True,True,True
2,24,24,24,238,119,24,24,24,24,24,24,24,238,False,False,False,True,False,False,False,False,False,False,False,False
3,248,18,107,18,18,18,18,18,107,248,248,248,18,False,True,False,True,True,True,True,True,False,False,False,False
4,203,203,238,238,203,203,203,203,203,203,203,203,158,False,False,False,False,False,False,False,False,False,False,False,False
5,149,17,269,186,253,17,17,17,269,149,149,149,191,False,False,False,False,False,False,False,False,False,False,False,False
6,158,165,191,167,244,158,165,165,191,158,158,158,191,False,False,True,False,False,False,False,False,True,False,False,False
7,184,67,222,184,109,184,67,67,222,184,184,184,181,False,False,False,False,False,False,False,False,False,False,False,False
8,232,62,62,62,163,232,62,62,62,232,232,232,232,True,False,False,False,False,True,False,False,False,True,True,True
9,17,17,62,17,17,17,17,17,62,17,17,17,17,True,True,False,True,True,True,True,True,False,True,True,True
10,46,62,62,62,62,46,62,62,62,46,46,46,224,False,False,False,False,False,False,False,False,False,False,False,False
11,222,222,222,222,222,222,222,222,222,222,222,222,222,True,True,True,True,True,True,True,True,True,True,True,True
12,244,267,244,244,244,244,267,267,244,244,244,244,267,False,True,False,False,False,False,True,True,False,False,False,False
13,91,91,91,91,91,91,91,91,91,91,91,91,91,True,True,True,True,True,True,True,True,True,True,True,True
14,67,67,188,142,142,67,67,67,67,67,67,67,83,False,False,False,False,False,False,False,False,False,False,False,False
15,95,68,142,142,68,95,95,68,142,95,95,95,87,False,False,False,False,False,False,False,False,False,False,False,False
16,22,22,22,120,257,22,103,22,22,22,22,22,65,False,False,False,False,False,False,False,False,False,False,False,False
17,0,0,0,246,91,0,0,0,0,0,0,0,103,False,False,False,False,False,False,False,False,False,False,False,False
18,107,3,149,167,60,107,107,3,107,107,107,107,107,True,False,False,False,False,True,True,False,True,True,True,True
19,271,112,271,142,221,271,271,112,271,271,271,271,112,False,True,False,False,False,False,False,True,False,False,False,False
20,195,146,195,146,87,146,195,146,195,195,195,195,146,False,True,False,True,False,True,False,True,False,False,False,False
21,103,2,103,32,2,17,103,2,103,103,103,103,56,False,False,False,False,False,False,False,False,False,False,False,False
22,271,215,120,120,86,271,271,215,120,271,271,271,271,True,False,False,False,False,True,True,False,False,True,True,True
23,142,142,267,142,214,142,142,142,267,142,142,142,214,False,False,False,False,True,False,False,False,False,False,False,False
24,246,257,246,246,257,246,246,257,246,246,246,246,257,False,True,False,False,True,False,False,True,False,False,False,False
25,17,17,17,246,17,17,17,17,17,17,17,17,17,True,True,True,False,True,True,True,True,True,True,True,True
26,206,206,206,206,42,206,206,206,206,206,206,206,42,False,False,False,False,True,False,False,False,False,False,False,False
27,271,271,271,271,271,271,271,271,271,271,271,271,271,True,True,True,True,True,True,True,True,True,True,True,True
28,93,89,89,239,4,93,93,89,89,93,93,93,93,True,False,False,False,False,True,True,False,False,True,True,True
29,188,8,188,8,271,188,242,8,188,188,188,188,19,False,False,False,False,False,False,False,False,False,False,False,False
30,89,17,89,167,97,17,241,89,89,89,89,89,241,False,False,False,False,False,False,True,False,False,False,False,False
31,22,22,22,182,208,22,93,22,22,22,22,22,93,False,False,False,False,False,False,True,False,False,False,False,False
32,184,103,184,107,218,184,184,184,184,184,184,184,271,False,False,False,False,False,False,False,False,False,False,False,False
33,149,149,187,61,187,149,149,149,267,149,149,149,187,False,False,True,False,True,False,False,False,False,False,False,False
34,17,17,28,228,42,17,17,17,28,17,17,17,17,True,True,False,False,False,True,True,True,False,True,True,True
35,28,30,28,246,186,205,28,28,28,28,28,28,205,False,False,False,False,False,True,False,False,False,False,False,False
36,271,165,271,165,191,271,271,271,271,271,271,271,191,False,False,False,False,True,False,False,False,False,False,False,False
37,242,242,242,242,236,242,242,242,242,242,242,242,204,False,False,False,False,False,False,False,False,False,False,False,False
38,17,17,17,165,84,17,17,17,17,17,17,17,17,True,True,True,False,False,True,True,True,True,True,True,True
39,215,215,243,243,215,215,243,215,243,215,215,215,243,False,False,True,True,False,False,True,False,True,False,False,False
40,184,184,184,184,184,184,184,184,184,184,184,184,184,True,True,True,True,True,True,True,True,True,True,True,True
41,267,267,267,267,267,267,267,267,267,267,267,267,267,True,True,True,True,True,True,True,True,True,True,True,True
0,18,18,18,80,163,18,18,18,18,18,18,18,152,False,False,False,False,False,False,False,False,False,False,False,False
1,203,33,215,80,56,33,33,33,215,203,203,203,56,False,False,False,False,True,False,False,False,False,False,False,False
2,131,6,52,96,178,6,6,6,52,131,131,131,224,False,False,False,False,False,False,False,False,False,False,False,False
3,143,143,187,120,155,143,143,143,187,143,143,143,214,False,False,False,False,False,False,False,False,False,False,False,False
4,203,2,2,182,62,2,2,2,2,203,203,203,203,True,False,False,False,False,False,False,False,False,True,True,True
5,80,1,158,80,20,158,1,1,158,80,80,80,234,False,False,False,False,False,False,False,False,False,False,False,False
6,271,242,271,242,109,242,242,242,271,271,271,271,271,True,False,True,False,False,False,False,False,True,True,True,True
7,271,271,271,206,206,271,271,271,271,271,271,271,271,True,True,True,False,False,True,True,True,True,True,True,True
8,140,72,72,80,57,72,72,72,72,140,140,140,140,True,False,False,False,False,False,False,False,False,True,True,True
9,215,53,215,167,194,215,53,53,215,215,215,215,194,False,False,False,False,True,False,False,False,False,False,False,False
10,6,6,6,178,6,6,6,6,178,6,6,6,6,True,True,True,False,True,True,True,True,False,True,True,True
11,215,188,215,188,215,215,188,188,188,215,215,215,29,False,False,False,False,False,False,False,False,False,False,False,False
12,167,167,167,167,167,167,167,167,167,167,167,167,134,False,False,False,False,False,False,False,False,False,False,False,False
13,1,1,1,1,1,1,1,1,1,1,1,1,1,True,True,True,True,True,True,True,True,True,True,True,True
14,140,53,140,125,146,177,53,53,146,140,140,140,125,False,False,False,True,False,False,False,False,False,False,False,False
15,95,31,95,245,123,184,4,31,95,95,95,95,95,True,False,True,False,False,False,False,False,True,True,True,True
16,190,0,190,80,190,184,191,0,190,190,190,190,190,True,False,True,False,True,False,False,False,True,True,True,True
17,4,77,116,77,236,116,4,77,89,4,4,4,116,False,False,True,False,False,True,False,False,False,False,False,False
18,140,2,2,178,140,2,268,2,2,140,140,140,140,True,False,False,False,True,False,False,False,False,True,True,True
19,24,24,46,46,11,24,46,24,46,24,24,24,46,False,False,True,True,False,False,True,False,True,False,False,False
20,15,6,222,167,181,181,222,6,222,15,15,15,6,False,True,False,False,False,False,False,True,False,False,False,False
21,67,67,259,228,205,67,205,67,259,67,67,67,19,False,False,False,False,False,False,False,False,False,False,False,False
22,140,53,146,53,214,140,146,53,146,140,140,140,214,False,False,False,False,True,False,False,False,False,False,False,False
23,229,124,229,222,222,124,222,124,229,229,229,229,229,True,False,True,False,False,False,False,False,True,True,True,True
24,184,184,218,184,218,184,184,184,184,184,184,184,87,False,False,False,False,False,False,False,False,False,False,False,False
25,260,260,260,0,260,260,260,260,260,260,260,260,236,False,False,False,False,False,False,False,False,False,False,False,False
26,260,269,260,0,260,260,260,269,260,260,260,260,269,False,True,False,False,False,False,False,True,False,False,False,False
27,60,60,60,60,60,60,60,60,60,60,60,60,60,True,True,True,True,True,True,True,True,True,True,True,True
28,203,72,28,80,32,72,203,72,28,203,203,203,70,False,False,False,False,False,False,False,False,False,False,False,False
29,248,67,67,209,167,67,231,67,67,248,248,248,248,True,False,False,False,False,False,False,False,False,True,True,True
30,248,105,248,228,241,107,222,107,248,248,248,248,248,True,False,True,False,False,False,False,False,True,True,True,True
31,4,62,4,246,72,72,4,72,4,4,4,4,191,False,False,False,False,False,False,False,False,False,False,False,False
32,22,1,22,1,163,243,53,243,22,22,22,22,56,False,False,False,False,False,False,False,False,False,False,False,False
33,234,2,234,222,65,2,234,2,234,234,234,234,234,True,False,True,False,False,False,True,False,True,True,True,True
34,103,103,188,187,188,103,188,103,188,103,103,103,103,True,True,False,False,False,True,False,True,False,True,True,True
35,89,72,89,77,134,158,77,158,89,89,89,89,77,False,False,False,True,False,False,True,False,False,False,False,False
36,182,267,28,182,267,182,182,182,28,182,182,182,28,False,False,True,False,False,False,False,False,True,False,False,False
37,67,67,185,167,134,67,217,67,67,67,67,67,217,False,False,False,False,False,False,True,False,False,False,False,False
38,241,105,241,222,105,241,222,241,241,241,241,241,222,False,False,False,True,False,False,True,False,False,False,False,False
39,72,72,72,72,267,72,267,72,72,72,72,72,72,True,True,True,True,False,True,False,True,True,True,True,True
40,188,188,188,188,60,188,188,188,188,188,188,188,188,True,True,True,True,False,True,True,True,True,True,True,True
41,0,42,0,42,42,42,42,42,0,0,0,0,42,False,True,False,True,True,True,True,True,False,False,False,False
0,140,1,140,1,228,1,1,1,140,140,140,140,193,False,False,False,False,False,False,False,False,False,False,False,False
1,203,53,89,238,20,53,53,53,89,203,203,203,238,False,False,False,True,False,False,False,False,False,False,False,False
2,209,2,146,209,202,2,2,2,146,209,209,209,103,False,False,False,False,False,False,False,False,False,False,False,False
3,0,0,67,244,4,0,0,0,0,0,0,0,65,False,False,False,False,False,False,False,False,False,False,False,False
4,203,5,97,238,28,5,5,5,203,203,203,203,5,False,True,False,False,False,True,True,True,False,False,False,False
5,67,67,129,165,165,129,67,67,129,67,67,67,67,True,True,False,False,False,False,True,True,False,True,True,True
6,215,6,271,165,168,229,6,6,271,215,215,215,168,False,False,False,False,True,False,False,False,False,False,False,False
7,203,67,203,165,228,28,67,67,203,203,203,203,67,False,True,False,False,False,False,True,True,False,False,False,False
8,140,140,140,228,228,140,140,140,140,140,140,140,29,False,False,False,False,False,False,False,False,False,False,False,False
9,203,53,89,53,203,89,53,53,89,203,203,203,89,False,False,True,False,False,True,False,False,True,False,False,False
10,4,146,242,146,262,4,146,146,242,4,4,4,262,False,False,False,False,True,False,False,False,False,False,False,False
11,4,4,4,4,232,4,4,4,4,4,4,4,208,False,False,False,False,False,False,False,False,False,False,False,False
12,203,203,203,203,203,203,203,203,203,203,203,203,203,True,True,True,True,True,True,True,True,True,True,True,True
13,231,231,231,231,231,231,231,231,231,231,231,231,231,True,True,True,True,True,True,True,True,True,True,True,True
14,209,8,265,8,265,185,8,8,265,209,209,209,240,False,False,False,False,False,False,False,False,False,False,False,False
15,17,17,17,94,253,253,94,17,17,17,17,17,25,False,False,False,False,False,False,False,False,False,False,False,False
16,24,24,96,96,84,143,96,24,96,24,24,24,202,False,False,False,False,False,False,False,False,False,False,False,False
17,24,24,89,246,206,89,178,24,178,24,24,24,54,False,False,False,False,False,False,False,False,False,False,False,False
18,157,77,4,157,77,157,157,77,4,157,157,157,260,False,False,False,False,False,False,False,False,False,False,False,False
19,238,6,238,238,53,6,238,6,238,238,238,238,267,False,False,False,False,False,False,False,False,False,False,False,False
20,238,33,103,238,140,140,238,33,103,238,238,238,103,False,False,True,False,False,False,False,False,True,False,False,False
21,80,80,80,80,262,150,80,80,150,80,80,80,262,False,False,False,False,True,False,False,False,False,False,False,False
22,232,224,185,232,163,185,232,224,185,232,232,232,97,False,False,False,False,False,False,False,False,False,False,False,False
23,253,53,253,53,200,253,53,53,253,253,253,253,163,False,False,False,False,False,False,False,False,False,False,False,False
24,62,62,257,62,257,62,62,62,257,62,62,62,208,False,False,False,False,False,False,False,False,False,False,False,False
25,89,53,53,53,89,89,89,53,53,89,89,89,89,True,False,False,False,True,True,True,False,False,True,True,True
26,4,4,4,4,35,4,4,4,4,4,4,4,35,False,False,False,False,True,False,False,False,False,False,False,False
27,0,42,0,42,42,42,42,42,0,0,0,0,42,False,True,False,True,True,True,True,True,False,False,False,False
28,79,2,103,238,238,151,238,2,151,79,79,79,103,False,False,True,False,False,False,False,False,False,False,False,False
29,95,30,46,119,103,95,182,30,46,95,95,95,7,False,False,False,False,False,False,False,False,False,False,False,False
30,69,69,143,244,143,143,244,131,143,69,69,69,131,False,False,False,False,False,False,False,True,False,False,False,False
31,209,67,16,209,119,16,209,218,16,209,209,209,107,False,False,False,False,False,False,False,False,False,False,False,False
32,5,5,5,222,204,5,5,57,5,5,5,5,243,False,False,False,False,False,False,False,False,False,False,False,False
33,24,24,92,178,24,92,178,220,92,24,24,24,161,False,False,False,False,False,False,False,False,False,False,False,False
34,154,154,154,244,199,154,244,60,154,154,154,154,154,True,True,True,False,False,True,False,False,True,True,True,True
35,143,143,143,182,182,143,182,267,143,143,143,143,198,False,False,False,False,False,False,False,False,False,False,False,False
36,231,2,231,62,231,151,231,124,151,231,231,231,151,False,False,False,False,False,True,False,False,True,False,False,False
37,95,30,95,95,30,95,95,124,95,95,95,95,124,False,False,False,False,False,False,False,True,False,False,False,False
38,69,69,69,69,69,69,69,215,69,69,69,69,215,False,False,False,False,False,False,False,True,False,False,False,False
39,198,198,198,75,198,198,198,198,198,198,198,198,198,True,True,True,False,True,True,True,True,True,True,True,True
40,129,129,129,129,256,129,129,129,129,129,129,129,129,True,True,True,True,False,True,True,True,True,True,True,True
41,163,163,163,163,163,163,163,163,163,163,163,163,163,True,True,True,True,True,True,True,True,True,True,True,True
0,22,22,22,68,163,22,22,22,22,22,22,22,19,False,False,False,False,False,False,False,False,False,False,False,False
1,203,21,203,239,239,21,21,21,203,203,203,203,93,False,False,False,False,False,False,False,False,False,False,False,False
2,150,124,150,120,247,124,124,124,150,150,150,150,213,False,False,False,False,False,False,False,False,False,False,False,False
3,24,24,220,94,73,24,24,24,220,24,24,24,24,True,True,False,False,False,True,True,True,False,True,True,True
4,107,91,56,167,107,91,91,91,56,107,107,107,107,True,False,False,False,True,False,False,False,False,True,True,True
5,17,17,143,173,220,17,17,17,143,17,17,17,226,False,False,False,False,False,False,False,False,False,False,False,False
6,188,91,188,86,91,222,91,91,188,188,188,188,269,False,False,False,False,False,False,False,False,False,False,False,False
7,184,167,167,167,224,205,167,167,167,184,184,184,184,True,False,False,False,False,False,False,False,False,True,True,True
8,220,220,220,182,256,4,220,220,4,220,220,220,220,True,True,True,False,False,False,True,True,False,True,True,True
9,260,156,195,195,156,247,156,156,195,260,260,260,195,False,False,True,True,False,False,False,False,True,False,False,False
10,220,156,220,257,257,205,156,156,220,220,220,220,205,False,False,False,False,False,True,False,False,False,False,False,False
11,232,221,221,206,221,232,221,221,221,232,232,232,232,True,False,False,False,False,True,False,False,False,True,True,True
12,10,10,10,84,84,10,10,10,10,10,10,10,10,True,True,True,False,False,True,True,True,True,True,True,True
13,57,57,57,57,57,57,57,57,57,57,57,57,57,True,True,True,True,True,True,True,True,True,True,True,True
14,5,5,80,80,253,91,5,5,80,5,5,5,67,False,False,False,False,False,False,False,False,False,False,False,False
15,184,2,231,165,260,231,143,2,231,184,184,184,171,False,False,False,False,False,False,False,False,False,False,False,False
16,15,0,20,142,60,203,15,0,20,15,15,15,15,True,False,False,False,False,False,True,False,False,True,True,True
17,4,62,120,120,4,4,188,62,120,4,4,4,105,False,False,False,False,False,False,False,False,False,False,False,False
18,80,1,107,80,156,80,185,1,107,80,80,80,107,False,False,True,False,False,False,False,False,True,False,False,False
19,215,215,205,86,86,205,151,215,205,215,215,215,151,False,False,False,False,False,False,True,False,False,False,False,False
20,4,21,4,165,229,4,229,21,4,4,4,4,185,False,False,False,False,False,False,False,False,False,False,False,False
21,22,17,17,120,222,17,22,17,17,22,22,22,22,True,False,False,False,False,False,True,False,False,True,True,True
22,89,89,91,91,64,91,89,89,91,89,89,89,89,True,True,False,False,False,False,True,True,False,True,True,True
23,220,2,2,91,91,91,220,2,2,220,220,220,123,False,False,False,False,False,False,False,False,False,False,False,False
24,203,30,203,203,30,203,203,30,203,203,203,203,203,True,False,True,True,False,True,True,False,True,True,True,True
25,4,188,4,4,4,4,188,188,4,4,4,4,188,False,True,False,False,False,False,True,True,False,False,False,False
26,156,156,156,185,185,156,185,156,156,156,156,156,185,False,False,False,True,True,False,True,False,False,False,False,False
27,215,215,215,215,215,215,215,215,215,215,215,215,215,True,True,True,True,True,True,True,True,True,True,True,True
28,238,2,158,238,202,231,95,2,158,238,238,238,95,False,False,False,False,False,False,True,False,False,False,False,False
29,140,111,140,120,146,271,140,111,140,140,140,140,253,False,False,False,False,False,False,False,False,False,False,False,False
30,17,17,188,68,188,17,188,68,188,17,17,17,235,False,False,False,False,False,False,False,False,False,False,False,False
31,15,15,15,119,129,53,15,157,15,15,15,15,15,True,True,True,False,False,False,True,False,True,True,True,True
32,238,6,215,238,175,271,154,238,154,238,238,238,105,False,False,False,False,False,False,False,False,False,False,False,False
33,220,12,158,47,47,205,92,47,158,220,220,220,92,False,False,False,False,False,False,True,False,False,False,False,False
34,209,72,140,209,244,191,140,209,140,209,209,209,140,False,False,True,False,False,False,True,False,True,False,False,False
35,203,124,165,165,205,203,203,165,203,203,203,203,11,False,False,False,False,False,False,False,False,False,False,False,False
36,238,33,267,238,202,231,238,238,238,238,238,238,33,False,True,False,False,False,False,False,False,False,False,False,False
37,271,271,271,120,84,271,120,120,271,271,271,271,61,False,False,False,False,False,False,False,False,False,False,False,False
38,17,17,17,17,208,17,188,188,17,17,17,17,188,False,False,False,False,False,False,True,True,False,False,False,False
39,157,53,53,157,23,53,157,157,53,157,157,157,23,False,False,False,False,True,False,False,False,False,False,False,False
40,215,215,215,0,215,215,215,215,215,215,215,215,163,False,False,False,False,False,False,False,False,False,False,False,False
41,86,86,86,86,86,86,86,86,86,86,86,86,86,True,True,True,True,True,True,True,True,True,True,True,True
0,80,22,80,80,205,22,22,22,80,80,80,80,128,False,False,False,False,False,False,False,False,False,False,False,False
1,95,77,95,157,105,77,77,77,95,95,95,95,204,False,False,False,False,False,False,False,False,False,False,False,False
2,103,30,146,246,57,30,30,30,146,103,103,103,146,False,False,True,False,False,False,False,False,True,False,False,False
3,238,89,103,238,167,89,89,89,268,238,238,238,94,False,False,False,False,False,False,False,False,False,False,False,False
4,95,95,95,165,188,95,95,95,95,95,95,95,46,False,False,False,False,False,False,False,False,False,False,False,False
5,231,107,231,119,202,107,107,107,4,231,231,231,231,True,False,True,False,False,False,False,False,False,True,True,True
6,238,31,238,238,16,16,31,31,238,238,238,238,231,False,False,False,False,False,False,False,False,False,False,False,False
7,157,2,6,142,2,129,2,2,6,157,157,157,142,False,False,False,True,False,False,False,False,False,False,False,False
8,143,143,143,143,143,143,143,143,205,143,143,143,205,False,False,False,False,False,False,False,False,True,False,False,False
9,65,77,65,77,198,65,77,77,65,65,65,65,65,True,False,True,False,False,True,False,False,True,True,True,True
10,205,30,205,205,123,205,30,30,205,205,205,205,205,True,False,True,True,False,True,False,False,True,True,True,True
11,167,167,270,167,206,167,167,167,270,167,167,167,270,False,False,True,False,False,False,False,False,True,False,False,False
12,165,165,16,165,165,16,165,165,16,165,165,165,16,False,False,True,False,False,True,False,False,True,False,False,False
13,120,120,120,120,120,120,120,120,120,120,120,120,120,True,True,True,True,True,True,True,True,True,True,True,True
14,248,2,203,142,2,248,2,2,203,248,248,248,256,False,False,False,False,False,False,False,False,False,False,False,False
15,95,17,57,120,159,95,20,17,57,95,95,95,159,False,False,False,False,True,False,False,False,False,False,False,False
16,92,30,232,239,84,92,105,30,92,92,92,92,232,False,False,True,False,False,False,False,False,False,False,False,False
17,209,17,209,209,82,143,242,17,17,209,209,209,209,True,False,True,True,False,False,False,False,False,True,True,True
18,17,17,158,244,158,229,158,17,158,17,17,17,191,False,False,False,False,False,False,False,False,False,False,False,False
19,238,146,238,238,87,229,238,146,238,238,238,238,238,True,False,True,True,False,False,True,False,True,True,True,True
20,1,1,222,1,222,1,158,1,222,1,1,1,214,False,False,False,False,False,False,False,False,False,False,False,False
21,231,72,72,228,206,72,72,72,72,231,231,231,231,True,False,False,False,False,False,False,False,False,True,True,True
22,203,6,142,142,217,6,203,6,142,203,203,203,142,False,False,True,True,False,False,False,False,True,False,False,False
23,17,17,120,120,29,17,120,17,17,17,17,17,120,False,False,True,True,False,False,True,False,False,False,False,False
24,267,30,267,84,267,267,267,30,267,267,267,267,267,True,False,True,False,True,True,True,False,True,True,True,True
25,17,17,17,17,17,17,271,17,17,17,17,17,17,True,True,True,True,True,True,False,True,True,True,True,True
26,17,17,17,173,17,17,17,17,17,17,17,17,17,True,True,True,False,True,True,True,True,True,True,True,True
27,57,57,57,57,57,57,57,57,57,57,57,57,57,True,True,True,True,True,True,True,True,True,True,True,True
28,138,80,28,138,202,28,103,80,138,138,138,138,138,True,False,False,True,False,False,False,False,True,True,True,True
29,95,0,187,94,86,95,187,0,187,95,95,95,94,False,False,False,True,False,False,False,False,False,False,False,False
30,80,53,4,80,193,253,67,253,4,80,80,80,119,False,False,False,False,False,False,False,False,False,False,False,False
31,80,68,188,80,215,188,243,188,188,80,80,80,80,True,False,False,True,False,False,False,False,False,True,True,True
32,157,156,271,157,247,157,247,247,271,157,157,157,191,False,False,False,False,False,False,False,False,False,False,False,False
33,67,67,151,86,103,151,67,151,151,67,67,67,146,False,False,False,False,False,False,False,False,False,False,False,False
34,238,33,238,238,243,62,242,62,242,238,238,238,33,False,True,False,False,False,False,False,False,False,False,False,False
35,238,103,103,238,134,238,103,107,103,238,238,238,238,True,False,False,True,False,True,False,False,False,True,True,True
36,103,103,103,165,205,103,103,103,103,103,103,103,258,False,False,False,False,False,False,False,False,False,False,False,False
37,271,145,86,86,187,145,187,145,86,271,271,271,257,False,False,False,False,False,False,False,False,False,False,False,False
38,4,53,4,53,53,4,212,4,4,4,4,4,53,False,True,False,True,True,False,False,False,False,False,False,False
39,57,57,57,84,29,57,57,57,57,57,57,57,29,False,False,False,False,True,False,False,False,False,False,False,False
40,57,57,57,0,57,57,57,57,57,57,57,57,208,False,False,False,False,False,False,False,False,False,False,False,False
41,205,205,205,205,205,205,205,205,205,205,205,205,205,True,True,True,True,True,True,True,True,True,True,True,True
0,238,53,238,238,121,53,53,53,238,238,238,238,121,False,False,False,False,True,False,False,False,False,False,False,False
1,0,0,124,119,124,0,0,0,124,0,0,0,0,True,True,False,False,False,True,True,True,False,True,True,True
2,149,1,1,1,48,1,1,1,1,149,149,149,48,False,False,False,False,True,False,False,False,False,False,False,False
3,92,12,195,110,105,12,12,12,195,92,92,92,188,False,False,False,False,False,False,False,False,False,False,False,False
4,149,129,20,187,149,129,129,129,20,149,149,149,156,False,False,False,False,False,False,False,False,False,False,False,False
5,24,24,24,167,143,143,24,24,24,24,24,24,105,False,False,False,False,False,False,False,False,False,False,False,False
6,157,30,157,157,101,157,30,30,157,157,157,157,65,False,False,False,False,False,False,False,False,False,False,False,False
7,229,6,187,157,6,229,6,6,187,229,229,229,6,False,True,False,False,True,False,True,True,False,False,False,False
8,72,72,72,205,181,129,72,72,72,72,72,72,129,False,False,False,False,False,True,False,False,False,False,False,False
9,158,53,158,53,198,158,53,53,158,158,158,158,158,True,False,True,False,False,True,False,False,True,True,True,True
10,149,91,149,91,181,149,91,91,149,149,149,149,149,True,False,True,False,False,True,False,False,True,True,True,True
11,185,185,185,122,122,185,185,185,185,185,185,185,185,True,True,True,False,False,True,True,True,True,True,True,True
12,149,149,149,149,199,149,149,149,149,149,149,149,149,True,True,True,True,False,True,True,True,True,True,True,True
13,164,164,164,164,164,164,164,164,164,164,164,164,164,True,True,True,True,True,True,True,True,True,True,True,True
14,203,72,93,178,203,203,72,72,93,203,203,203,240,False,False,False,False,False,False,False,False,False,False,False,False
15,24,24,24,238,222,143,24,24,24,24,24,24,63,False,False,False,False,False,False,False,False,False,False,False,False
16,22,22,231,182,107,22,22,22,231,22,22,22,124,False,False,False,False,False,False,False,False,False,False,False,False
17,248,6,20,244,244,248,248,6,20,248,248,248,10,False,False,False,False,False,False,False,False,False,False,False,False
18,229,53,271,53,214,229,229,53,271,229,229,229,42,False,False,False,False,False,False,False,False,False,False,False,False
19,24,24,24,178,178,92,24,24,24,24,24,24,97,False,False,False,False,False,False,False,False,False,False,False,False
20,140,53,140,167,53,140,140,53,53,140,140,140,140,True,False,True,False,False,True,True,False,False,True,True,True
21,140,140,158,140,158,140,140,140,158,140,140,140,214,False,False,False,False,False,False,False,False,False,False,False,False
22,178,178,267,178,35,178,178,178,267,178,178,178,267,False,False,True,False,False,False,False,False,True,False,False,False
23,203,53,203,53,208,149,203,53,203,203,203,203,208,False,False,False,False,True,False,False,False,False,False,False,False
24,16,86,246,246,86,16,16,86,246,16,16,16,16,True,False,False,False,False,True,True,False,False,True,True,True
25,28,53,53,53,53,28,28,53,28,28,28,28,28,True,False,False,False,False,True,True,False,True,True,True,True
26,72,72,72,72,214,72,72,72,72,72,72,72,72,True,True,True,True,False,True,True,True,True,True,True,True
27,149,149,149,149,149,149,149,149,149,149,149,149,149,True,True,True,True,True,True,True,True,True,True,True,True
28,22,22,22,80,243,22,22,22,22,22,22,22,121,False,False,False,False,False,False,False,False,False,False,False,False
29,24,24,24,157,110,24,24,24,24,24,24,24,175,False,False,False,False,False,False,False,False,False,False,False,False
30,255,95,255,157,203,255,255,255,255,255,255,255,255,True,False,True,False,False,True,True,True,True,True,True,True
31,158,53,259,61,77,158,158,158,259,158,158,158,156,False,False,False,False,False,False,False,False,False,False,False,False
32,72,72,185,142,23,72,72,72,185,72,72,72,185,False,False,True,False,False,False,False,False,True,False,False,False
33,143,91,143,244,228,143,143,143,143,143,143,143,143,True,False,True,False,False,True,True,True,True,True,True,True
34,247,2,247,86,30,247,247,247,247,247,247,247,185,False,False,False,False,False,False,False,False,False,False,False,False
35,22,22,22,110,163,22,22,22,22,22,22,22,36,False,False,False,False,False,False,False,False,False,False,False,False
36,22,22,22,246,145,22,22,22,22,22,22,22,145,False,False,False,False,True,False,False,False,False,False,False,False
37,149,30,149,149,236,149,149,149,149,149,149,149,236,False,False,False,False,True,False,False,False,False,False,False,False
38,203,165,203,165,165,203,203,203,203,203,203,203,203,True,False,True,False,False,True,True,True,True,True,True,True
39,224,53,224,53,53,224,224,224,224,224,224,224,224,True,False,True,False,False,True,True,True,True,True,True,True
40,165,165,165,165,208,165,165,165,165,165,165,165,208,False,False,False,False,True,False,False,False,False,False,False,False
41,91,91,91,91,91,91,91,91,91,91,91,91,91,True,True,True,True,True,True,True,True,True,True,True,True
0,203,50,203,228,211,50,50,50,203,203,203,203,50,False,True,False,False,False,True,True,True,False,False,False,False
1,238,18,20,238,147,18,18,18,20,238,238,238,147,False,False,False,False,True,False,False,False,False,False,False,False
2,142,1,142,142,142,1,1,1,149,142,142,142,142,True,False,True,True,True,False,False,False,False,True,True,True
3,95,18,95,142,228,18,18,18,95,95,95,95,142,False,False,False,True,False,False,False,False,False,False,False,False
4,209,209,209,209,221,209,209,209,209,209,209,209,209,True,True,True,True,False,True,True,True,True,True,True,True
5,184,6,205,246,184,246,6,6,246,184,184,184,184,True,False,False,False,True,False,False,False,False,True,True,True
6,203,2,215,182,2,182,2,2,215,203,203,203,182,False,False,False,True,False,True,False,False,False,False,False,False
7,92,129,92,86,92,86,129,129,86,92,92,92,86,False,False,False,True,False,True,False,False,True,False,False,False
8,203,140,140,228,122,228,140,140,140,203,203,203,140,False,True,True,False,False,False,True,True,True,False,False,False
9,4,149,4,4,149,4,149,149,4,4,4,4,46,False,False,False,False,False,False,False,False,False,False,False,False
10,149,1,149,1,149,1,1,1,1,149,149,149,1,False,True,False,True,False,True,True,True,True,False,False,False
11,165,30,165,165,165,165,30,30,165,165,165,165,165,True,False,True,True,True,True,False,False,True,True,True,True
12,28,28,28,28,28,28,28,28,28,28,28,28,42,False,False,False,False,False,False,False,False,False,False,False,False
13,6,6,6,6,6,6,6,6,6,6,6,6,6,True,True,True,True,True,True,True,True,True,True,True,True
14,130,62,130,120,49,120,62,62,130,130,130,130,130,True,False,True,False,False,False,False,False,True,True,True,True
15,238,22,150,238,120,238,22,22,150,238,238,238,94,False,False,False,False,False,False,False,False,False,False,False,False
16,215,21,120,120,244,120,253,21,120,215,215,215,253,False,False,False,False,False,False,True,False,False,False,False,False
17,8,8,214,8,94,8,8,8,214,8,8,8,8,True,True,False,True,False,True,True,True,False,True,True,True
18,231,91,188,142,42,142,188,91,188,231,231,231,142,False,False,False,True,False,True,False,False,False,False,False,False
19,95,30,95,119,30,119,95,30,95,95,95,95,95,True,False,True,False,False,False,True,False,True,True,True,True
20,95,77,95,119,231,167,95,77,95,95,95,95,95,True,False,True,False,False,False,True,False,True,True,True,True
21,231,107,107,246,188,246,188,107,188,231,231,231,188,False,False,False,False,True,False,True,False,True,False,False,False
22,149,62,120,120,149,120,149,62,120,149,149,149,120,False,False,True,True,False,True,False,False,True,False,False,False
23,238,238,158,238,23,238,238,238,158,238,238,238,238,True,True,False,True,False,True,True,True,False,True,True,True
24,221,221,247,244,244,244,259,221,247,221,221,221,259,False,False,False,False,False,False,True,False,False,False,False,False
25,167,167,167,167,86,167,167,167,167,167,167,167,86,False,False,False,False,True,False,False,False,False,False,False,False
26,247,91,247,91,247,91,247,91,247,247,247,247,247,True,False,True,False,True,False,True,False,True,True,True,True
27,30,30,30,30,30,30,30,30,30,30,30,30,30,True,True,True,True,True,True,True,True,True,True,True,True
28,209,2,188,209,241,209,188,2,188,209,209,209,209,True,False,False,True,False,True,False,False,False,True,True,True
29,245,77,242,245,242,245,253,77,242,245,245,245,245,True,False,False,True,False,True,False,False,False,True,True,True
30,209,21,95,209,62,209,95,232,95,209,209,209,227,False,False,False,False,False,False,False,False,False,False,False,False
31,92,67,92,244,89,244,92,188,92,92,92,92,89,False,False,False,False,True,False,False,False,False,False,False,False
32,92,33,92,228,228,228,92,77,92,92,92,92,92,True,False,True,False,False,False,True,False,True,True,True,True
33,238,53,238,238,199,238,188,53,238,238,238,238,238,True,False,True,True,False,True,False,False,True,True,True,True
34,231,2,6,119,259,119,6,231,6,231,231,231,119,False,False,False,True,False,True,False,False,False,False,False,False
35,80,62,80,80,247,80,62,231,80,80,80,80,80,True,False,True,True,False,True,False,False,True,True,True,True
36,188,2,2,32,208,32,188,188,2,188,188,188,188,True,False,False,False,False,False,True,True,False,True,True,True
37,242,77,77,165,77,165,259,77,77,242,242,242,259,False,False,False,False,False,False,True,False,False,False,False,False
38,143,62,178,178,178,178,143,178,178,143,143,143,143,True,False,False,False,False,False,True,False,False,True,True,True
39,92,188,92,92,188,92,92,188,92,92,92,92,92,True,False,True,True,False,True,True,False,True,True,True,True
40,129,129,129,129,84,129,129,129,129,129,129,129,129,True,True,True,True,False,True,True,True,True,True,True,True
41,0,23,0,23,23,23,23,23,0,0,0,0,23,False,True,False,True,True,True,True,True,False,False,False,False
0,209,77,209,209,110,77,77,77,209,209,209,209,159,False,False,False,False,False,False,False,False,False,False,False,False
1,94,77,94,94,141,77,77,77,94,94,94,94,141,False,False,False,False,True,False,False,False,False,False,False,False
2,69,6,69,17,20,6,6,6,95,69,69,69,115,False,False,False,False,False,False,False,False,False,False,False,False
3,94,2,222,94,222,2,2,2,222,94,94,94,145,False,False,False,False,False,False,False,False,False,False,False,False
4,96,53,53,96,53,53,53,53,53,96,96,96,97,False,False,False,False,False,False,False,False,False,False,False,False
5,260,6,260,186,77,53,6,6,53,260,260,260,260,True,False,True,False,False,False,False,False,False,True,True,True
6,143,6,67,12,164,257,6,6,67,143,143,143,143,True,False,False,False,False,False,False,False,False,True,True,True
7,17,17,17,17,23,17,17,17,17,17,17,17,185,False,False,False,False,False,False,False,False,False,False,False,False
8,149,77,149,77,148,77,77,77,149,149,149,149,208,False,False,False,False,False,False,False,False,False,False,False,False
9,92,77,92,77,243,224,77,77,92,92,92,92,92,True,False,True,False,False,False,False,False,True,True,True,True
10,17,6,215,17,123,17,6,6,215,17,17,17,6,False,True,False,False,False,False,True,True,False,False,False,False
11,222,222,222,222,163,222,222,222,222,222,222,222,54,False,False,False,False,False,False,False,False,False,False,False,False
12,188,149,188,149,188,188,149,149,188,188,188,188,188,True,False,True,False,True,True,False,False,True,True,True,True
13,214,214,214,214,214,214,214,214,214,214,214,214,214,True,True,True,True,True,True,True,True,True,True,True,True
14,203,0,1,1,229,203,0,0,203,203,203,203,171,False,False,False,False,False,False,False,False,False,False,False,False
15,209,21,20,209,140,231,140,21,140,209,209,209,48,False,False,False,False,False,False,False,False,False,False,False,False
16,188,6,188,250,250,205,188,6,188,188,188,188,6,False,True,False,False,False,False,False,True,False,False,False,False
17,24,1,24,1,161,257,22,1,24,24,24,24,145,False,False,False,False,False,False,False,False,False,False,False,False
18,209,22,195,209,195,257,22,22,195,209,209,209,22,False,True,False,False,False,False,True,True,False,False,False,False
19,140,140,140,228,56,46,140,140,140,140,140,140,140,True,True,True,False,False,False,True,True,True,True,True,True
20,22,22,22,119,67,206,22,22,22,22,22,22,22,True,True,True,False,False,False,True,True,True,True,True,True
21,17,17,17,17,26,17,220,17,17,17,17,17,87,False,False,False,False,False,False,False,False,False,False,False,False
22,203,203,203,203,214,203,28,203,203,203,203,203,249,False,False,False,False,False,False,False,False,False,False,False,False
23,140,30,140,178,259,222,140,30,140,140,140,140,140,True,False,True,False,False,False,True,False,True,True,True,True
24,247,33,247,228,200,247,200,33,247,247,247,247,200,False,False,False,False,True,False,True,False,False,False,False,False
25,1,1,181,1,1,1,1,1,181,1,1,1,163,False,False,False,False,False,False,False,False,False,False,False,False
26,157,157,157,157,257,257,157,157,157,157,157,157,157,True,True,True,True,False,False,True,True,True,True,True,True
27,206,206,206,206,206,206,206,206,206,206,206,206,206,True,True,True,True,True,True,True,True,True,True,True,True
28,174,6,105,178,202,174,188,6,105,174,174,174,6,False,True,False,False,False,False,False,True,False,False,False,False
29,15,15,128,165,214,128,15,15,128,15,15,15,128,False,False,True,False,False,True,False,False,True,False,False,False
30,143,107,231,107,242,231,143,143,231,143,143,143,98,False,False,False,False,False,False,False,False,False,False,False,False
31,22,22,22,250,22,268,22,22,22,22,22,22,156,False,False,False,False,False,False,False,False,False,False,False,False
32,140,140,140,167,253,191,140,140,140,140,140,140,253,False,False,False,False,True,False,False,False,False,False,False,False
33,17,17,28,165,160,17,28,28,28,17,17,17,160,False,False,False,False,True,False,False,False,False,False,False,False
34,140,140,140,246,140,246,140,140,140,140,140,140,140,True,True,True,False,True,False,True,True,True,True,True,True
35,94,6,253,94,184,205,253,253,253,94,94,94,6,False,True,False,False,False,False,False,False,False,False,False,False
36,231,231,231,228,109,231,231,231,231,231,231,231,231,True,True,True,False,False,True,True,True,True,True,True,True
37,188,188,188,214,259,214,188,188,188,188,188,188,188,True,True,True,False,False,False,True,True,True,True,True,True
38,231,231,231,231,54,231,185,185,231,231,231,231,97,False,False,False,False,False,False,False,False,False,False,False,False
39,22,22,22,22,22,77,22,22,22,22,22,22,22,True,True,True,True,True,False,True,True,True,True,True,True
40,140,140,140,246,246,246,140,140,140,140,140,140,140,True,True,True,False,False,False,True,True,True,True,True,True
41,17,17,17,17,17,17,17,17,17,17,17,17,17,True,True,True,True,True,True,True,True,True,True,True,True
0,22,22,22,120,77,22,22,22,22,22,22,22,213,False,False,False,False,False,False,False,False,False,False,False,False
1,15,15,192,192,179,15,15,15,192,15,15,15,15,True,True,False,False,False,True,True,True,False,True,True,True
2,92,1,181,1,202,1,1,1,181,92,92,92,213,False,False,False,False,False,False,False,False,False,False,False,False
3,92,1,92,1,164,1,1,1,195,92,92,92,19,False,False,False,False,False,False,False,False,False,False,False,False
4,92,6,67,228,92,6,6,6,67,92,92,92,93,False,False,False,False,False,False,False,False,False,False,False,False
5,67,1,185,1,67,185,1,1,67,67,67,67,67,True,False,False,False,True,False,False,False,True,True,True,True
6,157,52,149,157,199,149,52,52,149,157,157,157,105,False,False,False,False,False,False,False,False,False,False,False,False
7,215,62,181,62,215,253,62,62,181,215,215,215,181,False,False,True,False,False,False,False,False,True,False,False,False
8,120,77,120,120,249,120,77,77,120,120,120,120,187,False,False,False,False,False,False,False,False,False,False,False,False
9,271,271,271,86,86,191,271,271,271,271,271,271,271,True,True,True,False,False,False,True,True,True,True,True,True
10,231,165,231,165,165,231,165,165,231,231,231,231,214,False,False,False,False,False,False,False,False,False,False,False,False
11,28,28,28,28,163,28,28,28,28,28,28,28,163,False,False,False,False,True,False,False,False,False,False,False,False
12,206,206,206,228,228,206,206,206,206,206,206,206,206,True,True,True,False,False,True,True,True,True,True,True,True
13,243,243,243,243,243,243,243,243,243,243,243,243,243,True,True,True,True,True,True,True,True,True,True,True,True
14,238,2,95,238,175,95,2,2,95,238,238,238,95,False,False,True,False,False,True,False,False,True,False,False,False
15,69,22,252,178,221,22,252,22,252,69,69,69,252,False,False,True,False,False,False,True,False,True,False,False,False
16,22,22,158,88,49,22,158,22,158,22,22,22,88,False,False,False,True,False,False,False,False,False,False,False,False
17,271,2,198,142,123,100,2,2,198,271,271,271,271,True,False,False,False,False,False,False,False,False,True,True,True
18,203,24,203,142,142,203,24,24,203,203,203,203,24,False,True,False,False,False,False,True,True,False,False,False,False
19,203,22,203,22,262,22,67,22,203,203,203,203,67,False,False,False,False,False,False,True,False,False,False,False,False
20,105,2,105,191,191,191,105,2,105,105,105,105,105,True,False,True,False,False,False,True,False,True,True,True,True
21,231,6,231,21,231,6,72,6,231,231,231,231,20,False,False,False,False,False,False,False,False,False,False,False,False
22,157,2,157,157,157,157,2,2,157,157,157,157,214,False,False,False,False,False,False,False,False,False,False,False,False
23,229,195,242,178,178,229,242,195,178,229,229,229,232,False,False,False,False,False,False,False,False,False,False,False,False
24,158,118,158,32,118,158,158,118,158,158,158,158,118,False,True,False,False,True,False,False,True,False,False,False,False
25,2,2,2,2,123,2,2,2,2,2,2,2,2,True,True,True,True,False,True,True,True,True,True,True,True
26,271,165,165,165,271,271,271,165,165,271,271,271,271,True,False,False,False,True,True,True,False,False,True,True,True
27,20,20,20,20,20,20,20,20,20,20,20,20,20,True,True,True,True,True,True,True,True,True,True,True,True
28,1,1,52,1,87,1,52,1,52,1,1,1,121,False,False,False,False,False,False,False,False,False,False,False,False
29,37,17,17,238,221,28,37,17,17,37,37,37,37,True,False,False,False,False,False,True,False,False,True,True,True
30,260,1,149,1,247,149,247,257,149,260,260,260,116,False,False,False,False,False,False,False,False,False,False,False,False
31,94,94,103,94,187,167,103,271,103,94,94,94,103,False,False,True,False,False,False,True,False,True,False,False,False
32,140,72,140,140,72,140,242,265,140,140,140,140,11,False,False,False,False,False,False,False,False,False,False,False,False
33,188,72,188,110,110,188,72,214,188,188,188,188,72,False,True,False,False,False,False,True,False,False,False,False,False
34,241,6,6,6,105,6,241,6,6,241,241,241,241,True,False,False,False,False,False,True,False,False,True,True,True
35,158,30,158,53,199,56,158,112,158,158,158,158,56,False,False,False,False,False,True,False,False,False,False,False,False
36,1,1,1,1,187,1,52,214,1,1,1,1,52,False,False,False,False,False,False,True,False,False,False,False,False
37,17,17,242,17,214,17,242,17,242,17,17,17,271,False,False,False,False,False,False,False,False,False,False,False,False
38,1,1,247,1,247,1,247,1,247,1,1,1,247,False,False,True,False,True,False,True,False,True,False,False,False
39,271,195,271,206,206,271,195,271,195,271,271,271,271,True,False,True,False,False,True,False,True,False,True,True,True
40,72,72,72,72,72,72,72,72,72,72,72,72,72,True,True,True,True,True,True,True,True,True,True,True,True
41,77,77,77,77,77,77,77,77,77,77,77,77,77,True,True,True,True,True,True,True,True,True,True,True,True
0,92,30,92,47,167,30,30,30,92,92,92,92,172,False,False,False,False,False,False,False,False,False,False,False,False
1,143,30,142,142,161,30,30,30,142,143,143,143,143,True,False,False,False,False,False,False,False,False,True,True,True
2,22,22,157,239,195,22,22,22,157,22,22,22,67,False,False,False,False,False,False,False,False,False,False,False,False
3,203,52,253,228,42,52,52,52,253,203,203,203,107,False,False,False,False,False,False,False,False,False,False,False,False
4,17,17,243,17,17,17,17,17,243,17,17,17,16,False,False,False,False,False,False,False,False,False,False,False,False
5,140,140,260,246,56,231,140,140,260,140,140,140,140,True,True,False,False,False,False,True,True,False,True,True,True
6,209,95,4,209,95,4,95,95,4,209,209,209,95,False,True,False,False,True,False,True,True,False,False,False,False
7,17,17,165,165,101,17,17,17,165,17,17,17,158,False,False,False,False,False,False,False,False,False,False,False,False
8,92,30,92,244,92,46,30,30,92,92,92,92,92,True,False,True,False,True,False,False,False,True,True,True,True
9,271,30,271,61,30,271,30,30,271,271,271,271,271,True,False,True,False,False,True,False,False,True,True,True,True
10,22,22,222,22,129,222,22,22,222,22,22,22,22,True,True,False,True,False,False,True,True,False,True,True,True
11,228,228,228,228,42,228,228,228,228,228,228,228,42,False,False,False,False,True,False,False,False,False,False,False,False
12,77,77,243,77,77,77,77,77,243,77,77,77,243,False,False,True,False,False,False,False,False,True,False,False,False
13,246,246,246,246,246,246,246,246,246,246,246,246,246,True,True,True,True,True,True,True,True,True,True,True,True
14,209,53,158,209,65,133,53,53,158,209,209,209,263,False,False,False,False,False,False,False,False,False,False,False,False
15,92,52,231,244,231,231,231,52,92,92,92,92,19,False,False,False,False,False,False,False,False,False,False,False,False
16,80,67,184,245,184,231,231,67,80,80,80,80,242,False,False,False,False,False,False,False,False,False,False,False,False
17,24,1,24,1,181,17,17,1,24,24,24,24,89,False,False,False,False,False,False,False,False,False,False,False,False
18,22,22,22,22,232,232,232,22,22,22,22,22,105,False,False,False,False,False,False,False,False,False,False,False,False
19,92,1,52,1,92,253,1,1,1,92,92,92,92,True,False,False,False,True,False,False,False,False,True,True,True
20,215,1,191,1,215,191,191,1,191,215,215,215,213,False,False,False,False,False,False,False,False,False,False,False,False
21,140,24,24,182,134,140,182,24,24,140,140,140,207,False,False,False,False,False,False,False,False,False,False,False,False
22,221,217,191,191,221,191,191,217,191,221,221,221,217,False,True,False,False,False,False,False,True,False,False,False,False
23,92,52,231,244,36,231,231,52,231,92,92,92,52,False,True,False,False,False,False,False,True,False,False,False,False
24,143,143,231,143,143,231,231,143,231,143,143,143,256,False,False,False,False,False,False,False,False,False,False,False,False
25,158,158,158,158,45,158,158,158,158,158,158,158,158,True,True,True,True,False,True,True,True,True,True,True,True
26,221,77,77,77,77,77,77,77,77,221,221,221,77,False,True,True,True,True,True,True,True,True,False,False,False
27,89,89,89,89,89,89,89,89,89,89,89,89,89,True,True,True,True,True,True,True,True,True,True,True,True
28,209,17,22,239,222,17,17,17,22,209,209,209,93,False,False,False,False,False,False,False,False,False,False,False,False
29,192,77,20,192,192,4,4,77,20,192,192,192,210,False,False,False,False,False,False,False,False,False,False,False,False
30,94,2,143,94,243,94,94,94,143,94,94,94,225,False,False,False,False,False,False,False,False,False,False,False,False
31,0,0,0,142,6,91,91,91,0,0,0,0,171,False,False,False,False,False,False,False,False,False,False,False,False
32,154,1,1,119,198,77,77,77,1,154,154,154,26,False,False,False,False,False,False,False,False,False,False,False,False
33,92,89,92,119,119,232,232,232,92,92,92,92,89,False,True,False,False,False,False,False,False,False,False,False,False
34,92,105,92,167,176,167,167,167,92,92,92,92,105,False,True,False,False,False,False,False,False,False,False,False,False
35,188,105,188,46,158,46,46,46,188,188,188,188,188,True,False,True,False,False,False,False,False,True,True,True,True
36,231,215,231,228,231,231,231,231,231,231,231,231,122,False,False,False,False,False,False,False,False,False,False,False,False
37,260,260,260,199,199,260,260,260,260,260,260,260,42,False,False,False,False,False,False,False,False,False,False,False,False
38,143,143,143,246,32,143,246,246,143,143,143,143,176,False,False,False,False,False,False,False,False,False,False,False,False
39,253,62,253,62,123,253,253,253,253,253,253,253,253,True,False,True,False,False,True,True,True,True,True,True,True
40,1,1,1,1,6,6,1,1,1,1,1,1,6,False,False,False,False,True,True,False,False,False,False,False,False
41,165,165,165,165,165,165,165,165,165,165,165,165,165,True,True,True,True,True,True,True,True,True,True,True,True
0,69,2,69,96,35,2,2,2,69,69,69,69,74,False,False,False,False,False,False,False,False,False,False,False,False
1,15,15,96,94,96,15,15,15,96,15,15,15,94,False,False,False,True,False,False,False,False,False,False,False,False
2,192,1,89,192,202,1,1,1,89,192,192,192,192,True,False,False,True,False,False,False,False,False,True,True,True
3,234,77,28,120,181,77,77,77,28,234,234,234,234,True,False,False,False,False,False,False,False,False,True,True,True
4,220,156,242,182,242,156,156,156,242,220,220,220,108,False,False,False,False,False,False,False,False,False,False,False,False
5,24,24,156,96,24,156,24,24,156,24,24,24,232,False,False,False,False,False,False,False,False,False,False,False,False
6,203,203,242,203,257,203,203,203,242,203,203,203,214,False,False,False,False,False,False,False,False,False,False,False,False
7,20,91,20,91,198,198,91,91,20,20,20,20,42,False,False,False,False,False,False,False,False,False,False,False,False
8,149,2,149,206,35,161,2,2,161,149,149,149,206,False,False,False,True,False,False,False,False,False,False,False,False
9,215,215,215,244,215,215,215,215,215,215,215,215,222,False,False,False,False,False,False,False,False,False,False,False,False
10,231,231,231,86,164,164,231,231,231,231,231,231,86,False,False,False,True,False,False,False,False,False,False,False,False
11,156,77,181,77,77,156,77,77,181,156,156,156,77,False,True,False,True,True,False,True,True,False,False,False,False
12,156,156,156,212,212,156,156,156,156,156,156,156,212,False,False,False,True,True,False,False,False,False,False,False,False
13,163,163,163,163,163,163,163,163,163,163,163,163,163,True,True,True,True,True,True,True,True,True,True,True,True
14,5,2,5,119,187,60,2,2,5,5,5,5,85,False,False,False,False,False,False,False,False,False,False,False,False
15,184,2,165,165,107,220,184,2,165,184,184,184,217,False,False,False,False,False,False,False,False,False,False,False,False
16,140,8,107,8,236,198,107,8,107,140,140,140,8,False,True,False,True,False,False,False,True,False,False,False,False
17,22,22,22,157,167,236,187,22,22,22,22,22,191,False,False,False,False,False,False,False,False,False,False,False,False
18,92,1,205,1,205,215,158,1,205,92,92,92,61,False,False,False,False,False,False,False,False,False,False,False,False
19,140,140,140,228,226,156,181,140,226,140,140,140,226,False,False,False,False,True,False,False,False,True,False,False,False
20,149,26,52,182,198,198,52,26,52,149,149,149,182,False,False,False,True,False,False,False,False,False,False,False,False
21,103,77,103,142,185,221,103,77,103,103,103,103,142,False,False,False,True,False,False,False,False,False,False,False,False
22,2,2,2,53,187,2,2,2,185,2,2,2,53,False,False,False,True,False,False,False,False,False,False,False,False
23,107,2,107,165,97,97,107,2,107,107,107,107,100,False,False,False,False,False,False,False,False,False,False,False,False
24,86,86,198,86,86,198,198,86,198,86,86,86,198,False,False,True,False,False,True,True,False,True,False,False,False
25,157,157,157,157,257,157,157,157,157,157,157,157,257,False,False,False,False,True,False,False,False,False,False,False,False
26,215,215,158,158,215,215,158,215,158,215,215,215,215,True,True,False,False,True,True,False,True,False,True,True,True
27,156,156,156,156,156,156,156,156,156,156,156,156,156,True,True,True,True,True,True,True,True,True,True,True,True
28,203,1,67,1,194,269,67,1,89,203,203,203,9,False,False,False,False,False,False,False,False,False,False,False,False
29,69,22,24,233,271,124,24,22,22,69,69,69,233,False,False,False,True,False,False,False,False,False,False,False,False
30,17,17,17,239,26,215,247,17,17,17,17,17,239,False,False,False,True,False,False,False,False,False,False,False,False
31,80,24,271,80,105,80,24,24,271,80,80,80,235,False,False,False,False,False,False,False,False,False,False,False,False
32,231,33,62,86,228,164,243,62,62,231,231,231,33,False,True,False,False,False,False,False,False,False,False,False,False
33,195,105,195,120,105,120,195,195,195,195,195,195,120,False,False,False,True,False,True,False,False,False,False,False,False
34,1,1,62,119,62,97,20,62,62,1,1,1,119,False,False,False,True,False,False,False,False,False,False,False,False
35,215,215,120,120,23,215,65,120,120,215,215,215,120,False,False,True,True,False,False,False,True,True,False,False,False
36,203,1,103,1,244,203,103,203,103,203,203,203,101,False,False,False,False,False,False,False,False,False,False,False,False
37,231,30,124,86,30,124,124,231,124,231,231,231,231,True,False,False,False,False,False,False,True,False,True,True,True
38,17,17,246,246,17,17,181,17,246,17,17,17,17,True,True,False,False,True,True,False,True,False,True,True,True
39,24,24,271,91,91,271,24,24,271,24,24,24,91,False,False,False,True,True,False,False,False,False,False,False,False
40,86,86,86,86,86,86,243,86,86,86,86,86,86,True,True,True,True,True,True,False,True,True,True,True,True
41,247,247,247,247,247,247,247,247,247,247,247,247,247,True,True,True,True,True,True,True,True,True,True,True,True
0,69,0,69,94,69,0,0,0,69,69,69,69,0,False,True,False,False,False,True,True,True,False,False,False,False
1,95,1,238,238,267,1,1,1,238,95,95,95,95,True,False,False,False,False,False,False,False,False,True,True,True
2,22,6,22,157,241,6,6,6,157,22,22,22,150,False,False,False,False,False,False,False,False,False,False,False,False
3,95,2,95,178,222,2,2,2,95,95,95,95,95,True,False,True,False,False,False,False,False,True,True,True,True
4,24,24,185,192,161,24,24,24,185,24,24,24,185,False,False,True,False,False,False,False,False,True,False,False,False
5,103,1,103,80,217,103,1,1,103,103,103,103,151,False,False,False,False,False,False,False,False,False,False,False,False
6,107,107,178,178,185,107,107,107,178,107,107,107,200,False,False,False,False,False,False,False,False,False,False,False,False
7,231,156,231,231,164,231,156,156,231,231,231,231,100,False,False,False,False,False,False,False,False,False,False,False,False
8,69,12,69,12,12,69,12,12,69,69,69,69,69,True,False,True,False,False,True,False,False,True,True,True,True
9,232,12,232,12,244,232,12,12,12,232,232,232,232,True,False,True,False,False,True,False,False,False,True,True,True
10,271,6,181,6,16,271,6,6,181,271,271,271,271,True,False,False,False,False,True,False,False,False,True,True,True
11,140,62,140,62,259,140,62,62,140,140,140,140,140,True,False,True,False,False,True,False,False,True,True,True,True
12,161,30,161,0,30,161,30,30,161,161,161,161,161,True,False,True,False,False,True,False,False,True,True,True,True
13,165,165,165,165,165,165,165,165,165,165,165,165,165,True,True,True,True,True,True,True,True,True,True,True,True
14,0,0,0,1,249,0,0,0,146,0,0,0,0,True,True,True,False,False,True,True,True,False,True,True,True
15,140,12,140,157,158,140,140,12,140,140,140,140,140,True,False,True,False,False,True,True,False,True,True,True,True
16,0,0,0,167,221,0,0,0,0,0,0,0,0,True,True,True,False,False,True,True,True,True,True,True,True
17,67,30,257,67,262,67,149,30,257,67,67,67,257,False,False,True,False,False,False,False,False,True,False,False,False
18,105,105,16,222,42,105,105,105,16,105,105,105,112,False,False,False,False,False,False,False,False,False,False,False,False
19,229,222,229,86,244,229,229,222,229,229,229,229,42,False,False,False,False,False,False,False,False,False,False,False,False
20,140,1,140,119,28,140,140,1,140,140,140,140,188,False,False,False,False,False,False,False,False,False,False,False,False
21,22,22,22,86,257,22,22,22,22,22,22,22,271,False,False,False,False,False,False,False,False,False,False,False,False
22,146,1,1,1,267,146,146,1,181,146,146,146,146,True,False,False,False,False,True,True,False,False,True,True,True
23,157,30,77,157,91,157,157,30,77,157,157,157,77,False,False,True,False,False,False,False,False,True,False,False,False
24,56,56,56,56,10,56,56,56,56,56,56,56,56,True,True,True,True,False,True,True,True,True,True,True,True
25,149,30,149,149,218,149,149,30,149,149,149,149,218,False,False,False,False,True,False,False,False,False,False,False,False
26,271,271,271,206,271,271,271,271,271,271,271,271,271,True,True,True,False,True,True,True,True,True,True,True,True
27,244,244,244,244,244,244,244,244,244,244,244,244,244,True,True,True,True,True,True,True,True,True,True,True,True
28,22,8,107,8,119,22,22,8,107,22,22,22,100,False,False,False,False,False,False,False,False,False,False,False,False
29,248,0,17,157,0,248,248,0,17,248,248,248,0,False,True,False,False,True,False,False,True,False,False,False,False
30,209,1,6,209,80,209,209,209,6,209,209,209,16,False,False,False,False,False,False,False,False,False,False,False,False
31,184,1,259,209,72,184,184,184,259,184,184,184,148,False,False,False,False,False,False,False,False,False,False,False,False
32,184,105,92,184,92,184,92,92,92,184,184,184,87,False,False,False,False,False,False,False,False,False,False,False,False
33,22,22,22,238,208,22,22,22,22,22,22,22,256,False,False,False,False,False,False,False,False,False,False,False,False
34,143,143,143,157,60,143,143,143,143,143,143,143,56,False,False,False,False,False,False,False,False,False,False,False,False
35,65,77,65,119,77,65,65,65,119,65,65,65,11,False,False,False,False,False,False,False,False,False,False,False,False
36,107,107,107,244,244,107,107,107,107,107,107,107,4,False,False,False,False,False,False,False,False,False,False,False,False
37,157,6,6,157,6,157,6,157,6,157,157,157,6,False,True,True,False,True,False,True,False,True,False,False,False
38,6,6,77,77,77,6,6,6,6,6,6,6,6,True,True,False,False,False,True,True,True,True,True,True,True
39,1,1,1,1,91,1,1,1,1,1,1,1,91,False,False,False,False,True,False,False,False,False,False,False,False
40,28,28,28,257,28,28,28,28,28,28,28,28,28,True,True,True,False,True,True,True,True,True,True,True,True
41,30,30,30,30,30,30,30,30,30,30,30,30,30,True,True,True,True,True,True,True,True,True,True,True,True
0,142,77,142,142,4,77,77,77,142,142,142,142,116,False,False,False,False,False,False,False,False,False,False,False,False
1,234,1,234,94,234,1,1,1,234,234,234,234,93,False,False,False,False,False,False,False,False,False,False,False,False
2,24,24,62,86,24,24,24,24,62,24,24,24,24,True,True,False,False,True,True,True,True,False,True,True,True
3,229,30,241,178,214,30,30,30,241,229,229,229,241,False,False,True,False,False,False,False,False,True,False,False,False
4,95,2,105,62,257,2,2,2,105,95,95,95,132,False,False,False,False,False,False,False,False,False,False,False,False
5,234,6,269,157,107,107,6,6,269,234,234,234,107,False,False,False,False,True,True,False,False,False,False,False,False
6,215,103,215,32,4,103,103,103,215,215,215,215,103,False,True,False,False,False,True,True,True,False,False,False,False
7,67,67,67,4,271,67,67,67,67,67,67,67,67,True,True,True,False,False,True,True,True,True,True,True,True
8,4,77,198,77,4,4,77,77,198,4,4,4,200,False,False,False,False,False,False,False,False,False,False,False,False
9,178,53,178,178,53,178,53,53,178,178,178,178,53,False,True,False,False,True,False,True,True,False,False,False,False
10,181,62,181,62,84,181,62,62,181,181,181,181,181,True,False,True,False,False,True,False,False,True,True,True,True
11,52,52,52,52,52,52,52,52,52,52,52,52,46,False,False,False,False,False,False,False,False,False,False,False,False
12,105,105,105,257,105,105,105,105,105,105,105,105,105,True,True,True,False,True,True,True,True,True,True,True,True
13,257,257,257,257,257,257,257,257,257,257,257,257,257,True,True,True,True,True,True,True,True,True,True,True,True
14,255,143,255,157,178,247,143,143,255,255,255,255,152,False,False,False,False,False,False,False,False,False,False,False,False
15,203,1,67,96,68,67,92,1,67,203,203,203,263,False,False,False,False,False,False,False,False,False,False,False,False
16,245,33,188,245,62,67,188,33,188,245,245,245,188,False,False,True,False,False,False,True,False,True,False,False,False
17,184,2,259,167,232,184,259,2,259,184,184,184,263,False,False,False,False,False,False,False,False,False,False,False,False
18,24,2,24,165,2,24,92,2,24,24,24,24,92,False,False,False,False,False,False,True,False,False,False,False,False
19,94,67,4,94,153,67,259,67,4,94,94,94,67,False,True,False,False,False,True,False,True,False,False,False,False
20,184,1,28,1,16,184,28,1,184,184,184,184,36,False,False,False,False,False,False,False,False,False,False,False,False
21,6,6,25,91,30,25,6,6,6,6,6,6,6,True,True,False,False,False,False,True,True,True,True,True,True
22,157,157,157,157,165,165,157,157,157,157,157,157,269,False,False,False,False,False,False,False,False,False,False,False,False
23,1,1,52,1,257,52,1,1,52,1,1,1,52,False,False,True,False,False,True,False,False,True,False,False,False
24,142,33,142,142,142,142,142,33,142,142,142,142,51,False,False,False,False,False,False,False,False,False,False,False,False
25,49,2,2,49,49,2,268,2,49,49,49,49,2,False,True,True,False,False,True,False,True,False,False,False,False
26,2,2,2,2,30,2,2,2,2,2,2,2,2,True,True,True,True,False,True,True,True,True,True,True,True
27,84,84,84,84,84,84,84,84,84,84,84,84,84,True,True,True,True,True,True,True,True,True,True,True,True
28,203,30,67,120,75,67,203,30,67,203,203,203,11,False,False,False,False,False,False,False,False,False,False,False,False
29,22,22,103,182,208,103,22,22,22,22,22,22,103,False,False,True,False,False,True,False,False,False,False,False,False
30,248,80,234,80,28,158,248,248,234,248,248,248,158,False,False,False,False,False,True,False,False,False,False,False,False
31,157,1,157,1,232,72,157,157,157,157,157,157,187,False,False,False,False,False,False,False,False,False,False,False,False
32,146,53,72,53,29,72,72,72,72,146,146,146,42,False,False,False,False,False,False,False,False,False,False,False,False
33,238,1,238,238,124,72,185,185,238,238,238,238,185,False,False,False,False,False,False,True,True,False,False,False,False
34,24,24,229,246,46,24,229,229,229,24,24,24,229,False,False,True,False,False,False,True,True,True,False,False,False
35,149,6,232,228,149,149,149,149,232,149,149,149,6,False,True,False,False,False,False,False,False,False,False,False,False
36,67,30,67,120,84,67,67,67,67,67,67,67,67,True,False,True,False,False,True,True,True,True,True,True,True
37,92,217,92,92,92,92,92,92,92,92,92,92,92,True,False,True,True,True,True,True,True,True,True,True,True
38,246,246,214,246,42,246,246,246,214,246,246,246,262,False,False,False,False,False,False,False,False,False,False,False,False
39,1,1,1,1,262,1,1,1,1,1,1,1,262,False,False,False,False,True,False,False,False,False,False,False,False
40,146,146,146,146,146,146,146,146,146,146,146,146,146,True,True,True,True,True,True,True,True,True,True,True,True
41,1,1,1,1,1,1,1,1,1,1,1,1,1,True,True,True,True,True,True,True,True,True,True,True,True
0,80,6,80,8,30,6,6,6,80,80,80,80,19,False,False,False,False,False,False,False,False,False,False,False,False
1,255,0,20,182,0,0,0,0,20,255,255,255,0,False,True,False,False,True,True,True,True,False,False,False,False
2,143,18,18,167,18,18,18,18,18,143,143,143,89,False,False,False,False,False,False,False,False,False,False,False,False
3,184,1,89,1,75,1,1,1,89,184,184,184,89,False,False,True,False,False,False,False,False,True,False,False,False
4,143,6,232,86,217,6,6,6,232,143,143,143,6,False,True,False,False,False,True,True,True,False,False,False,False
5,242,94,129,94,129,242,94,94,129,242,242,242,242,True,False,False,False,False,True,False,False,False,True,True,True
6,72,72,72,182,72,72,72,72,72,72,72,72,72,True,True,True,False,True,True,True,True,True,True,True,True
7,182,77,182,182,182,182,77,77,182,182,182,182,256,False,False,False,False,False,False,False,False,False,False,False,False
8,247,6,268,6,247,6,6,6,6,247,247,247,6,False,True,False,True,False,True,True,True,True,False,False,False
9,6,6,6,6,205,6,6,6,6,6,6,6,6,True,True,True,True,False,True,True,True,True,True,True,True
10,222,77,222,77,163,222,77,77,222,222,222,222,77,False,True,False,True,False,False,True,True,False,False,False,False
11,208,208,208,75,208,208,208,208,208,208,208,208,87,False,False,False,False,False,False,False,False,False,False,False,False
12,60,60,60,61,60,60,60,60,60,60,60,60,61,False,False,False,True,False,False,False,False,False,False,False,False
13,161,161,161,161,161,161,161,161,161,161,161,161,161,True,True,True,True,True,True,True,True,True,True,True,True
14,95,72,158,142,221,95,72,72,158,95,95,95,95,True,False,False,False,False,True,False,False,False,True,True,True
15,242,30,242,86,113,242,242,30,242,242,242,242,113,False,False,False,False,True,False,False,False,False,False,False,False
16,241,52,16,68,68,241,241,52,16,241,241,241,241,True,False,False,False,False,True,True,False,False,True,True,True
17,140,77,140,32,191,140,184,77,140,140,140,140,240,False,False,False,False,False,False,False,False,False,False,False,False
18,188,145,242,182,65,188,242,145,242,188,188,188,188,True,False,False,False,False,True,False,False,False,True,True,True
19,92,62,92,244,269,92,92,62,92,92,92,92,269,False,False,False,False,True,False,False,False,False,False,False,False
20,143,143,215,228,187,143,143,143,215,143,143,143,63,False,False,False,False,False,False,False,False,False,False,False,False
21,229,89,89,222,271,229,229,89,229,229,229,229,196,False,False,False,False,False,False,False,False,False,False,False,False
22,258,221,243,258,219,258,258,221,243,258,258,258,221,False,True,False,False,False,False,False,True,False,False,False,False
23,267,30,267,0,198,267,267,30,267,267,267,267,87,False,False,False,False,False,False,False,False,False,False,False,False
24,259,77,77,77,259,259,259,77,77,259,259,259,259,True,False,False,False,True,True,True,False,False,True,True,True
25,184,77,184,77,184,184,184,77,184,184,184,184,184,True,False,True,False,True,True,True,False,True,True,True,True
26,149,149,149,149,149,149,149,149,149,149,149,149,149,True,True,True,True,True,True,True,True,True,True,True,True
27,220,220,220,220,220,220,220,220,220,220,220,220,220,True,True,True,True,True,True,True,True,True,True,True,True
28,223,47,223,238,86,223,223,47,223,223,223,223,223,True,False,True,False,False,True,True,False,True,True,True,True
29,150,2,259,245,198,150,150,2,259,150,150,150,269,False,False,False,False,False,False,False,False,False,False,False,False
30,143,143,143,119,188,143,143,143,143,143,143,143,188,False,False,False,False,True,False,False,False,False,False,False,False
31,188,17,188,94,62,188,188,188,188,188,188,188,100,False,False,False,False,False,False,False,False,False,False,False,False
32,94,1,94,94,1,94,2,2,94,94,94,94,163,False,False,False,False,False,False,False,False,False,False,False,False
33,92,89,92,167,173,92,92,92,92,92,92,92,73,False,False,False,False,False,False,False,False,False,False,False,False
34,231,129,129,157,259,129,231,231,129,231,231,231,10,False,False,False,False,False,False,False,False,False,False,False,False
35,247,157,157,157,157,247,247,247,157,247,247,247,123,False,False,False,False,False,False,False,False,False,False,False,False
36,92,91,92,86,221,92,92,92,92,92,92,92,221,False,False,False,False,True,False,False,False,False,False,False,False
37,4,157,4,157,198,4,4,4,4,4,4,4,267,False,False,False,False,False,False,False,False,False,False,False,False
38,143,143,143,143,222,143,143,143,143,143,143,143,143,True,True,True,True,False,True,True,True,True,True,True,True
39,198,198,198,228,228,198,198,198,198,198,198,198,198,True,True,True,False,False,True,True,True,True,True,True,True
40,2,2,2,2,60,2,2,2,2,2,2,2,60,False,False,False,False,True,False,False,False,False,False,False,False
41,86,86,86,86,86,86,86,86,86,86,86,86,86,True,True,True,True,True,True,True,True,True,True,True,True
0,184,62,184,246,187,62,62,62,184,184,184,184,193,False,False,False,False,False,False,False,False,False,False,False,False
1,5,0,2,142,7,0,0,0,2,5,5,5,0,False,True,False,False,False,True,True,True,False,False,False,False
2,184,2,271,80,271,2,2,2,271,184,184,184,89,False,False,False,False,False,False,False,False,False,False,False,False
3,143,17,107,238,143,17,17,17,143,143,143,143,107,False,False,True,False,False,False,False,False,False,False,False,False
4,24,24,224,165,156,24,24,24,224,24,24,24,24,True,True,False,False,False,True,True,True,False,True,True,True
5,248,62,248,120,163,248,62,62,248,248,248,248,248,True,False,True,False,False,True,False,False,True,True,True,True
6,253,2,124,182,182,2,2,2,124,253,253,253,253,True,False,False,False,False,False,False,False,False,True,True,True
7,1,1,205,1,1,1,1,1,205,1,1,1,25,False,False,False,False,False,False,False,False,False,False,False,False
8,184,62,214,62,219,184,62,62,28,184,184,184,184,True,False,False,False,False,True,False,False,False,True,True,True
9,181,91,246,246,246,181,91,91,246,181,181,181,181,True,False,False,False,False,True,False,False,False,True,True,True
10,2,2,2,246,23,2,2,2,2,2,2,2,23,False,False,False,False,True,False,False,False,False,False,False,False
11,203,203,203,203,215,203,203,203,203,203,203,203,42,False,False,False,False,False,False,False,False,False,False,False,False
12,72,72,129,72,72,72,72,72,72,72,72,72,129,False,False,True,False,False,False,False,False,False,False,False,False
13,195,195,195,195,195,195,195,195,195,195,195,195,195,True,True,True,True,True,True,True,True,True,True,True,True
14,140,107,107,209,247,140,107,107,107,140,140,140,263,False,False,False,False,False,False,False,False,False,False,False,False
15,22,22,191,182,215,22,22,22,65,22,22,22,65,False,False,False,False,False,False,False,False,True,False,False,False
16,95,95,95,165,200,95,95,95,95,95,95,95,95,True,True,True,False,False,True,True,True,True,True,True,True
17,15,15,247,165,134,15,15,15,247,15,15,15,15,True,True,False,False,False,True,True,True,False,True,True,True
18,107,107,258,244,258,107,107,107,258,107,107,107,107,True,True,False,False,False,True,True,True,False,True,True,True
19,17,17,17,17,156,17,17,17,17,17,17,17,202,False,False,False,False,False,False,False,False,False,False,False,False
20,184,52,92,157,184,184,184,52,92,184,184,184,92,False,False,True,False,False,False,False,False,True,False,False,False
21,158,167,158,167,246,158,158,167,158,158,158,158,155,False,False,False,False,False,False,False,False,False,False,False,False
22,192,124,247,192,194,247,247,124,247,192,192,192,247,False,False,True,False,False,True,True,False,True,False,False,False
23,143,143,178,178,178,143,143,143,178,143,143,143,143,True,True,False,False,False,True,True,True,False,True,True,True
24,107,107,107,165,165,107,107,107,107,107,107,107,107,True,True,True,False,False,True,True,True,True,True,True,True
25,247,247,247,247,84,247,247,247,247,247,247,247,247,True,True,True,True,False,True,True,True,True,True,True,True
26,267,267,267,0,163,267,267,267,267,267,267,267,163,False,False,False,False,True,False,False,False,False,False,False,False
27,163,163,163,163,163,163,163,163,163,163,163,163,163,True,True,True,True,True,True,True,True,True,True,True,True
28,190,1,190,119,132,190,190,1,190,190,190,190,190,True,False,True,False,False,True,True,False,True,True,True,True
29,248,17,72,228,199,248,248,17,72,248,248,248,19,False,False,False,False,False,False,False,False,False,False,False,False
30,80,80,28,80,214,158,158,80,28,80,80,80,158,False,False,False,False,False,True,True,False,False,False,False,False
31,103,103,229,120,144,103,103,103,229,103,103,103,262,False,False,False,False,False,False,False,False,False,False,False,False
32,24,3,143,244,244,24,24,24,143,24,24,24,24,True,False,False,False,False,True,True,True,False,True,True,True
33,22,2,22,12,124,103,103,22,22,22,22,22,103,False,False,False,False,False,True,True,False,False,False,False,False
34,248,146,248,146,146,248,248,248,248,248,248,248,248,True,False,True,False,False,True,True,True,True,True,True,True
35,184,52,184,182,52,184,184,184,184,184,184,184,132,False,False,False,False,False,False,False,False,False,False,False,False
36,17,1,62,1,163,17,17,17,62,17,17,17,62,False,False,True,False,False,False,False,False,True,False,False,False
37,72,72,72,228,199,72,72,72,72,72,72,72,72,True,True,True,False,False,True,True,True,True,True,True,True
38,167,167,167,167,42,167,167,167,167,167,167,167,42,False,False,False,False,True,False,False,False,False,False,False,False
39,28,97,28,86,97,28,28,28,28,28,28,28,28,True,False,True,False,False,True,True,True,True,True,True,True
40,257,97,257,257,97,257,257,257,257,257,257,257,97,False,True,False,False,True,False,False,False,False,False,False,False
41,84,84,84,84,84,84,84,84,84,84,84,84,84,True,True,True,True,True,True,True,True,True,True,True,True
0,94,47,94,47,271,47,47,47,94,94,94,94,47,False,True,False,True,False,True,True,True,False,False,False,False
1,94,6,146,94,215,6,6,6,146,94,94,94,94,True,False,False,True,False,False,False,False,False,True,True,True
2,223,30,193,142,53,30,30,30,193,223,223,223,223,True,False,False,False,False,False,False,False,False,True,True,True
3,215,72,28,110,267,72,72,72,28,215,215,215,16,False,False,False,False,False,False,False,False,False,False,False,False
4,95,2,222,119,95,2,2,2,222,95,95,95,95,True,False,False,False,True,False,False,False,False,True,True,True
5,248,72,222,222,56,72,72,72,222,248,248,248,248,True,False,False,False,False,False,False,False,False,True,True,True
6,182,30,158,182,181,158,30,30,196,182,182,182,254,False,False,False,False,False,False,False,False,False,False,False,False
7,248,53,248,53,65,195,53,53,248,248,248,248,248,True,False,True,False,False,False,False,False,True,True,True,True
8,242,217,242,217,259,242,217,217,242,242,242,242,262,False,False,False,False,False,False,False,False,False,False,False,False
9,253,6,253,6,253,247,6,6,247,253,253,253,253,True,False,True,False,True,False,False,False,False,True,True,True
10,110,53,57,110,53,110,53,53,57,110,110,110,110,True,False,False,True,False,True,False,False,False,True,True,True
11,91,91,91,91,91,91,91,91,91,91,91,91,256,False,False,False,False,False,False,False,False,False,False,False,False
12,229,2,229,229,2,2,2,2,229,229,229,229,229,True,False,True,True,False,False,False,False,True,True,True,True
13,205,205,205,205,205,205,205,205,205,205,205,205,205,True,True,True,True,True,True,True,True,True,True,True,True
14,5,5,5,178,220,24,5,5,24,5,5,5,5,True,True,True,False,False,False,True,True,False,True,True,True
15,18,18,18,94,185,242,229,18,18,18,18,18,94,False,False,False,True,False,False,False,False,False,False,False,False
16,231,53,154,68,185,158,154,53,154,231,231,231,154,False,False,True,False,False,False,True,False,True,False,False,False
17,220,103,92,182,206,103,92,103,92,220,220,220,92,False,False,True,False,False,False,True,False,True,False,False,False
18,0,0,107,52,271,107,0,0,0,0,0,0,0,True,True,False,False,False,False,True,True,True,True,True,True
19,195,91,265,110,110,195,16,91,265,195,195,195,16,False,False,False,False,False,False,True,False,False,False,False,False
20,242,6,242,157,206,242,6,6,242,242,242,242,21,False,False,False,False,False,False,False,False,False,False,False,False
21,17,17,17,110,28,25,28,17,17,17,17,17,165,False,False,False,False,False,False,False,False,False,False,False,False
22,242,53,242,178,178,242,16,53,242,242,242,242,259,False,False,False,False,False,False,False,False,False,False,False,False
23,229,91,247,167,91,247,229,91,247,229,229,229,149,False,False,False,False,False,False,False,False,False,False,False,False
24,231,53,231,246,53,231,4,53,231,231,231,231,246,False,False,False,True,False,False,False,False,False,False,False,False
25,149,149,149,149,149,247,149,149,149,149,149,149,149,True,True,True,True,True,False,True,True,True,True,True,True
26,107,107,107,107,28,107,28,107,107,107,107,107,28,False,False,False,False,True,False,True,False,False,False,False,False
27,91,91,91,91,91,91,91,91,91,91,91,91,91,True,True,True,True,True,True,True,True,True,True,True,True
28,89,62,89,209,62,72,89,62,89,89,89,89,147,False,False,False,False,False,False,False,False,False,False,False,False
29,0,0,0,119,221,24,0,0,24,0,0,0,147,False,False,False,False,False,False,False,False,False,False,False,False
30,140,67,46,238,67,67,140,140,140,140,140,140,140,True,False,False,False,False,False,True,True,True,True,True,True
31,154,17,154,157,16,154,154,154,154,154,154,154,154,True,False,True,False,False,True,True,True,True,True,True,True
32,95,95,95,165,44,187,95,95,95,95,95,95,95,True,True,True,False,False,False,True,True,True,True,True,True
33,15,15,15,238,196,184,15,15,15,15,15,15,15,True,True,True,False,False,False,True,True,True,True,True,True
34,255,62,255,62,89,181,255,255,255,255,255,255,255,True,False,True,False,False,False,True,True,True,True,True,True
35,242,6,80,80,123,242,6,242,80,242,242,242,80,False,False,True,True,False,False,False,False,True,False,False,False
36,89,62,72,62,89,72,89,89,72,89,89,89,89,True,False,False,False,True,False,True,True,False,True,True,True
37,89,89,89,89,89,89,89,89,89,89,89,89,89,True,True,True,True,True,True,True,True,True,True,True,True
38,149,149,149,46,20,20,149,149,149,149,149,149,100,False,False,False,False,False,False,False,False,False,False,False,False
39,53,53,53,53,84,53,53,53,53,53,53,53,42,False,False,False,False,False,False,False,False,False,False,False,False
40,253,187,253,187,187,187,253,253,253,253,253,253,253,True,False,True,False,False,False,True,True,True,True,True,True
41,184,184,184,184,184,184,184,184,184,184,184,184,184,True,True,True,True,True,True,True,True,True,True,True,True
0,31,0,31,80,271,0,0,0,31,31,31,31,171,False,False,False,False,False,False,False,False,False,False,False,False
1,69,1,92,1,69,1,1,1,92,69,69,69,69,True,False,False,False,True,False,False,False,False,True,True,True
2,190,129,190,178,178,129,129,129,190,190,190,190,190,True,False,True,False,False,False,False,False,True,True,True,True
3,94,12,94,94,62,12,12,12,94,94,94,94,188,False,False,False,False,False,False,False,False,False,False,False,False
4,131,52,229,52,262,52,52,52,229,131,131,131,46,False,False,False,False,False,False,False,False,False,False,False,False
5,142,142,160,142,205,242,142,142,242,142,142,142,160,False,False,True,False,False,False,False,False,False,False,False,False
6,17,17,236,119,224,181,17,17,236,17,17,17,129,False,False,False,False,False,False,False,False,False,False,False,False
7,157,2,205,157,2,2,2,2,205,157,157,157,65,False,False,False,False,False,False,False,False,False,False,False,False
8,67,6,6,6,6,67,6,6,57,67,67,67,67,True,False,False,False,False,True,False,False,False,True,True,True
9,92,1,92,1,1,247,1,1,92,92,92,92,92,True,False,True,False,False,False,False,False,True,True,True,True
10,220,220,220,0,42,220,220,220,220,220,220,220,220,True,True,True,False,False,True,True,True,True,True,True,True
11,220,220,220,101,267,220,220,220,220,220,220,220,101,False,False,False,True,False,False,False,False,False,False,False,False
12,202,202,202,0,202,202,202,202,202,202,202,202,164,False,False,False,False,False,False,False,False,False,False,False,False
13,198,198,198,198,198,198,198,198,198,198,198,198,198,True,True,True,True,True,True,True,True,True,True,True,True
14,251,111,241,120,140,241,111,111,241,251,251,251,251,True,False,False,False,False,False,False,False,False,True,True,True
15,95,18,184,245,178,184,245,18,18,95,95,95,95,True,False,False,False,False,False,False,False,False,True,True,True
16,95,22,95,68,22,184,68,22,95,95,95,95,95,True,False,True,False,False,False,False,False,True,True,True,True
17,94,1,16,94,65,52,94,1,16,94,94,94,16,False,False,True,False,False,False,False,False,True,False,False,False
18,192,129,215,192,146,192,192,129,215,192,192,192,129,False,True,False,False,False,False,False,True,False,False,False,False
19,146,2,28,146,123,2,97,2,146,146,146,146,146,True,False,False,True,False,False,False,False,True,True,True,True
20,92,6,92,62,214,92,92,6,92,92,92,92,204,False,False,False,False,False,False,False,False,False,False,False,False
21,184,149,184,167,167,184,167,149,184,184,184,184,56,False,False,False,False,False,False,False,False,False,False,False,False
22,203,140,167,167,140,140,167,140,167,203,203,203,140,False,True,False,False,True,True,False,True,False,False,False,False
23,184,165,184,165,60,184,165,165,184,184,184,184,184,True,False,True,False,False,True,False,False,True,True,True,True
24,184,184,184,184,134,184,184,184,184,184,184,184,247,False,False,False,False,False,False,False,False,False,False,False,False
25,222,222,222,222,222,222,222,222,222,222,222,222,222,True,True,True,True,True,True,True,True,True,True,True,True
26,215,215,215,0,57,215,215,215,215,215,215,215,215,True,True,True,False,False,True,True,True,True,True,True,True
27,267,267,267,267,267,267,267,267,267,267,267,267,267,True,True,True,True,True,True,True,True,True,True,True,True
28,203,53,253,94,16,195,94,53,253,203,203,203,146,False,False,False,False,False,False,False,False,False,False,False,False
29,69,0,69,142,222,72,142,0,69,69,69,69,0,False,True,False,False,False,False,False,True,False,False,False,False
30,184,2,184,80,161,184,80,6,184,184,184,184,6,False,False,False,False,False,False,False,True,False,False,False,False
31,140,1,140,1,215,140,1,140,140,140,140,140,140,True,False,True,False,False,True,False,True,True,True,True,True
32,242,53,167,167,263,242,167,187,167,242,242,242,53,False,True,False,False,False,False,False,False,False,False,False,False
33,24,24,143,53,242,24,143,143,143,24,24,24,154,False,False,False,False,False,False,False,False,False,False,False,False
34,129,129,129,167,129,181,167,129,129,129,129,129,222,False,False,False,False,False,False,False,False,False,False,False,False
35,6,6,6,12,220,65,12,6,6,6,6,6,6,True,True,True,False,False,False,False,True,True,True,True,True
36,253,220,253,253,97,253,220,253,253,253,253,253,253,True,False,True,True,False,True,False,True,True,True,True,True
37,4,222,4,222,222,4,10,4,4,4,4,4,4,True,False,True,False,False,True,False,True,True,True,True,True
38,214,215,215,214,214,215,215,215,215,214,214,214,214,True,False,False,True,True,False,False,False,False,True,True,True
39,220,215,220,0,144,215,220,220,220,220,220,220,144,False,False,False,False,True,False,False,False,False,False,False,False
40,167,167,167,167,267,167,167,167,167,167,167,167,267,False,False,False,False,True,False,False,False,False,False,False,False
41,242,242,242,242,242,242,242,242,242,242,242,242,242,True,True,True,True,True,True,True,True,True,True,True,True
0,203,77,203,142,77,77,77,77,203,203,203,203,189,False,False,False,False,False,False,False,False,False,False,False,False
1,203,0,203,94,10,0,0,0,203,203,203,203,0,False,True,False,False,False,True,True,True,False,False,False,False
2,20,30,86,86,258,30,30,30,86,20,20,20,258,False,False,False,False,True,False,False,False,False,False,False,False
3,203,6,188,52,188,6,6,6,188,203,203,203,188,False,False,True,False,True,False,False,False,True,False,False,False
4,17,2,246,246,156,2,2,2,2,17,17,17,156,False,False,False,False,True,False,False,False,False,False,False,False
5,24,24,253,142,30,24,24,24,253,24,24,24,203,False,False,False,False,False,False,False,False,False,False,False,False
6,167,91,91,167,167,167,91,91,91,167,167,167,10,False,False,False,False,False,False,False,False,False,False,False,False
7,203,6,149,186,158,203,6,6,158,203,203,203,6,False,True,False,False,False,False,True,True,False,False,False,False
8,203,77,203,77,106,203,77,77,203,203,203,203,16,False,False,False,False,False,False,False,False,False,False,False,False
9,203,203,229,203,203,203,203,203,229,203,203,203,229,False,False,True,False,False,False,False,False,True,False,False,False
10,205,30,205,205,262,205,30,30,205,205,205,205,262,False,False,False,False,True,False,False,False,False,False,False,False
11,203,203,203,203,203,203,203,203,203,203,203,203,267,False,False,False,False,False,False,False,False,False,False,False,False
12,84,84,84,84,84,84,84,84,84,84,84,84,23,False,False,False,False,False,False,False,False,False,False,False,False
13,30,30,30,30,30,30,30,30,30,30,30,30,30,True,True,True,True,True,True,True,True,True,True,True,True
14,143,1,158,80,75,143,1,1,158,143,143,143,19,False,False,False,False,False,False,False,False,False,False,False,False
15,89,72,89,80,198,89,80,72,89,89,89,89,89,True,False,True,False,False,True,False,False,True,True,True,True
16,184,12,56,12,23,184,184,12,56,184,184,184,105,False,False,False,False,False,False,False,False,False,False,False,False
17,203,67,110,110,253,67,203,67,67,203,203,203,263,False,False,False,False,False,False,False,False,False,False,False,False
18,143,30,36,143,215,143,143,30,36,143,143,143,36,False,False,True,False,False,False,False,False,True,False,False,False
19,24,24,91,91,92,24,24,24,91,24,24,24,19,False,False,False,False,False,False,False,False,False,False,False,False
20,188,1,188,1,30,188,188,1,188,188,188,188,188,True,False,True,False,False,True,True,False,True,True,True,True
21,129,30,129,244,129,129,129,30,129,129,129,129,185,False,False,False,False,False,False,False,False,False,False,False,False
22,143,143,158,165,165,143,143,143,158,143,143,143,158,False,False,True,False,False,False,False,False,True,False,False,False
23,181,165,165,165,198,181,181,165,165,181,181,181,181,True,False,False,False,False,True,True,False,False,True,True,True
24,12,12,12,12,122,12,12,12,12,12,12,12,156,False,False,False,False,False,False,False,False,False,False,False,False
25,46,46,46,46,164,46,46,46,46,46,46,46,185,False,False,False,False,False,False,False,False,False,False,False,False
26,215,30,215,0,30,215,215,30,215,215,215,215,215,True,False,True,False,False,True,True,False,True,True,True,True
27,267,267,267,267,267,267,267,267,267,267,267,267,267,True,True,True,True,True,True,True,True,True,True,True,True
28,140,6,140,244,6,140,140,6,140,140,140,140,140,True,False,True,False,False,True,True,False,True,True,True,True
29,253,1,253,1,244,253,253,1,253,253,253,253,253,True,False,True,False,False,True,True,False,True,True,True,True
30,184,6,92,239,92,184,184,184,92,184,184,184,92,False,False,True,False,True,False,False,False,True,False,False,False
31,15,15,15,80,169,15,15,15,15,15,15,15,15,True,True,True,False,False,True,True,True,True,True,True,True
32,22,22,22,178,178,22,22,22,4,22,22,22,22,True,True,True,False,False,True,True,True,False,True,True,True
33,143,1,143,1,205,103,143,143,143,143,143,143,103,False,False,False,False,False,True,False,False,False,False,False,False
34,143,30,143,53,143,143,143,143,143,143,143,143,247,False,False,False,False,False,False,False,False,False,False,False,False
35,143,143,143,143,194,143,143,143,143,143,143,143,45,False,False,False,False,False,False,False,False,False,False,False,False
36,188,6,188,244,244,188,188,188,188,188,188,188,188,True,False,True,False,False,True,True,True,True,True,True,True
37,205,244,205,244,205,205,205,205,205,205,205,205,126,False,False,False,False,False,False,False,False,False,False,False,False
38,86,86,86,86,86,86,86,86,86,86,86,86,123,False,False,False,False,False,False,False,False,False,False,False,False
39,267,267,267,228,173,267,267,267,267,267,267,267,173,False,False,False,False,True,False,False,False,False,False,False,False
40,4,4,4,4,249,4,4,4,4,4,4,4,249,False,False,False,False,True,False,False,False,False,False,False,False
41,30,30,30,30,30,30,30,30,30,30,30,30,30,True,True,True,True,True,True,True,True,True,True,True,True
0,80,22,80,80,22,22,22,22,80,80,80,80,213,False,False,False,False,False,False,False,False,False,False,False,False
1,18,17,22,246,20,17,17,17,22,18,18,18,18,True,False,False,False,False,False,False,False,False,True,True,True
2,55,55,55,110,55,55,55,55,55,55,55,55,55,True,True,True,False,True,True,True,True,True,True,True,True
3,140,2,140,228,208,2,2,2,140,140,140,140,141,False,False,False,False,False,False,False,False,False,False,False,False
4,67,67,67,91,103,67,67,67,67,67,67,67,89,False,False,False,False,False,False,False,False,False,False,False,False
5,92,62,189,62,42,92,62,62,189,92,92,92,189,False,False,True,False,False,False,False,False,True,False,False,False
6,188,30,110,110,266,188,30,30,110,188,188,188,188,True,False,False,False,False,True,False,False,False,True,True,True
7,143,143,143,110,208,181,143,143,143,143,143,143,143,True,True,True,False,False,False,True,True,True,True,True,True
8,253,77,253,77,253,253,77,77,253,253,253,253,253,True,False,True,False,True,True,False,False,True,True,True,True
9,17,17,20,246,87,20,17,17,20,17,17,17,17,True,True,False,False,False,False,True,True,False,True,True,True
10,231,222,28,222,56,231,222,222,28,231,231,231,56,False,False,False,False,True,False,False,False,False,False,False,False
11,2,2,2,205,2,2,2,2,2,2,2,2,205,False,False,False,True,False,False,False,False,False,False,False,False
12,91,91,91,91,91,91,91,91,91,91,91,91,257,False,False,False,False,False,False,False,False,False,False,False,False
13,97,97,97,97,97,97,97,97,97,97,97,97,97,True,True,True,True,True,True,True,True,True,True,True,True
14,0,0,0,246,60,20,0,0,0,0,0,0,0,True,True,True,False,False,False,True,True,True,True,True,True
15,143,72,143,86,198,247,143,72,143,143,143,143,146,False,False,False,False,False,False,False,False,False,False,False,False
16,248,80,20,96,200,20,248,80,20,248,248,248,200,False,False,False,False,True,False,False,False,False,False,False,False
17,184,30,239,239,84,184,184,30,239,184,184,184,153,False,False,False,False,False,False,False,False,False,False,False,False
18,140,8,231,8,8,195,140,8,231,140,140,140,146,False,False,False,False,False,False,False,False,False,False,False,False
19,92,6,92,120,211,181,92,6,92,92,92,92,92,True,False,True,False,False,False,True,False,True,True,True,True
20,72,2,72,119,199,72,6,2,72,72,72,72,6,False,False,False,False,False,False,True,False,False,False,False,False
21,248,52,248,52,149,107,248,52,248,248,248,248,248,True,False,True,False,False,False,True,False,True,True,True,True
22,229,149,191,229,229,149,229,149,191,229,229,229,155,False,False,False,False,False,False,False,False,False,False,False,False
23,229,229,247,86,247,247,229,229,247,229,229,229,229,True,True,False,False,False,False,True,True,False,True,True,True
24,46,91,46,91,262,46,46,91,46,46,46,46,46,True,False,True,False,False,True,True,False,True,True,True,True
25,214,30,214,214,214,214,214,30,214,214,214,214,214,True,False,True,True,True,True,True,False,True,True,True,True
26,28,191,28,191,191,28,28,191,28,28,28,28,191,False,True,False,True,True,False,False,True,False,False,False,False
27,205,205,205,205,205,205,205,205,205,205,205,205,205,True,True,True,True,True,True,True,True,True,True,True,True
28,177,124,188,209,124,177,188,124,177,177,177,177,188,False,False,True,False,False,False,True,False,False,False,False,False
29,140,2,140,238,10,93,140,2,140,140,140,140,140,True,False,True,False,False,False,True,False,True,True,True,True
30,103,1,103,1,84,103,149,103,149,103,103,103,224,False,False,False,False,False,False,False,False,False,False,False,False
31,80,2,62,80,30,2,62,2,62,80,80,80,204,False,False,False,False,False,False,False,False,False,False,False,False
32,195,142,28,142,215,195,28,195,28,195,195,195,142,False,True,False,True,False,False,False,False,False,False,False,False
33,17,6,6,165,87,82,6,17,6,17,17,17,17,True,False,False,False,False,False,False,True,False,True,True,True
34,103,21,244,244,231,103,21,103,244,103,103,103,21,False,True,False,False,False,False,True,False,False,False,False,False
35,222,222,182,182,56,243,182,222,182,222,222,222,256,False,False,False,False,False,False,False,False,False,False,False,False
36,232,217,232,232,232,232,267,232,232,232,232,232,217,False,True,False,False,False,False,False,False,False,False,False,False
37,2,2,2,53,2,2,2,2,2,2,2,2,53,False,False,False,True,False,False,False,False,False,False,False,False
38,163,30,163,109,84,109,163,163,163,163,163,163,84,False,False,False,False,True,False,False,False,False,False,False,False
39,2,2,232,232,232,2,2,2,232,2,2,2,232,False,False,True,True,True,False,False,False,True,False,False,False
40,205,205,205,205,205,205,205,205,205,205,205,205,205,True,True,True,True,True,True,True,True,True,True,True,True
41,164,164,164,164,164,164,164,164,164,164,164,164,164,True,True,True,True,True,True,True,True,True,True,True,True
0,203,0,203,8,167,0,0,0,203,203,203,203,234,False,False,False,False,False,False,False,False,False,False,False,False
1,203,0,203,165,262,0,0,0,0,203,203,203,0,False,True,False,False,False,True,True,True,True,False,False,False
2,229,17,192,192,118,17,17,17,192,229,229,229,118,False,False,False,False,True,False,False,False,False,False,False,False
3,255,195,195,119,236,195,195,195,255,255,255,255,255,True,False,False,False,False,False,False,False,True,True,True,True
4,229,124,229,229,229,124,124,124,229,229,229,229,196,False,False,False,False,False,False,False,False,False,False,False,False
5,271,146,20,246,84,271,146,146,20,271,271,271,146,False,True,False,False,False,False,True,True,False,False,False,False
6,158,21,158,21,259,158,21,21,158,158,158,158,21,False,True,False,True,False,False,True,True,False,False,False,False
7,18,18,158,182,163,18,18,18,158,18,18,18,4,False,False,False,False,False,False,False,False,False,False,False,False
8,203,17,129,17,57,203,17,17,129,203,203,203,17,False,True,False,True,False,False,True,True,False,False,False,False
9,92,165,92,165,165,92,165,165,92,92,92,92,92,True,False,True,False,False,True,False,False,True,True,True,True
10,17,17,17,120,243,17,17,17,17,17,17,17,17,True,True,True,False,False,True,True,True,True,True,True,True
11,267,206,267,206,267,267,206,206,267,267,267,267,206,False,True,False,True,False,False,True,True,False,False,False,False
12,156,156,156,0,168,156,156,156,156,156,156,156,168,False,False,False,False,True,False,False,False,False,False,False,False
13,84,84,84,84,84,84,84,84,84,84,84,84,84,True,True,True,True,True,True,True,True,True,True,True,True
14,67,67,253,209,115,67,67,67,253,67,67,67,115,False,False,False,False,True,False,False,False,False,False,False,False
15,242,8,17,8,52,242,242,8,242,242,242,242,17,False,False,True,False,False,False,False,False,False,False,False,False
16,255,255,255,178,56,255,255,255,255,255,255,255,255,True,True,True,False,False,True,True,True,True,True,True,True
17,5,5,5,96,199,5,5,5,5,5,5,5,5,True,True,True,False,False,True,True,True,True,True,True,True
18,188,124,188,195,215,188,195,124,188,188,188,188,188,True,False,True,False,False,True,False,False,True,True,True,True
19,103,103,149,167,271,103,103,103,149,103,103,103,260,False,False,False,False,False,False,False,False,False,False,False,False
20,247,30,224,182,182,247,247,30,224,247,247,247,60,False,False,False,False,False,False,False,False,False,False,False,False
21,184,17,184,17,108,184,184,17,184,184,184,184,17,False,True,False,True,False,False,False,True,False,False,False,False
22,80,80,80,80,243,80,80,80,232,80,80,80,232,False,False,False,False,False,False,False,False,True,False,False,False
23,77,30,77,228,77,77,77,30,77,77,77,77,194,False,False,False,False,False,False,False,False,False,False,False,False
24,181,178,181,178,181,181,181,178,181,181,181,181,123,False,False,False,False,False,False,False,False,False,False,False,False
25,28,28,28,28,28,28,28,28,28,28,28,28,28,True,True,True,True,True,True,True,True,True,True,True,True
26,232,215,232,232,232,232,232,215,232,232,232,232,215,False,True,False,False,False,False,False,True,False,False,False,False
27,205,205,205,205,205,205,205,205,205,205,205,205,205,True,True,True,True,True,True,True,True,True,True,True,True
28,107,2,28,110,134,107,107,2,28,107,107,107,220,False,False,False,False,False,False,False,False,False,False,False,False
29,24,17,22,94,69,24,24,17,22,24,24,24,269,False,False,False,False,False,False,False,False,False,False,False,False
30,22,2,22,165,185,22,22,22,2,22,22,22,22,True,False,True,False,False,True,True,True,False,True,True,True
31,255,6,255,86,57,255,255,255,255,255,255,255,255,True,False,True,False,False,True,True,True,True,True,True,True
32,92,1,92,119,119,92,92,92,92,92,92,92,92,True,False,True,False,False,True,True,True,True,True,True,True
33,203,72,92,167,236,203,203,203,92,203,203,203,92,False,False,True,False,False,False,False,False,True,False,False,False
34,229,129,229,167,167,229,229,229,229,229,229,229,129,False,True,False,False,False,False,False,False,False,False,False,False
35,2,2,16,257,2,2,2,2,16,2,2,2,267,False,False,False,False,False,False,False,False,False,False,False,False
36,17,2,17,110,53,17,17,17,17,17,17,17,134,False,False,False,False,False,False,False,False,False,False,False,False
37,24,24,24,222,222,24,24,24,24,24,24,24,105,False,False,False,False,False,False,False,False,False,False,False,False
38,4,2,2,165,185,4,2,4,2,4,4,4,2,False,True,True,False,False,False,True,False,True,False,False,False
39,6,6,6,6,30,6,6,6,57,6,6,6,57,False,False,False,False,False,False,False,False,True,False,False,False
40,1,1,1,1,244,1,1,1,1,1,1,1,244,False,False,False,False,True,False,False,False,False,False,False,False
41,231,231,231,231,231,231,231,231,231,231,231,231,231,True,True,True,True,True,True,True,True,True,True,True,True
0,0,0,0,245,73,0,0,0,0,0,0,0,70,False,False,False,False,False,False,False,False,False,False,False,False
1,203,53,209,209,46,53,53,53,209,203,203,203,98,False,False,False,False,False,False,False,False,False,False,False,False
2,69,69,140,167,123,69,69,69,140,69,69,69,69,True,True,False,False,False,True,True,True,False,True,True,True
3,140,22,77,157,157,22,22,22,24,140,140,140,24,False,False,False,False,False,False,False,False,True,False,False,False
4,157,91,243,157,260,91,91,91,243,157,157,157,269,False,False,False,False,False,False,False,False,False,False,False,False
5,157,72,242,157,72,222,72,72,242,157,157,157,72,False,True,False,False,True,False,True,True,False,False,False,False
6,167,2,2,167,244,91,2,2,2,167,167,167,181,False,False,False,False,False,False,False,False,False,False,False,False
7,195,53,53,165,199,53,53,53,53,195,195,195,195,True,False,False,False,False,False,False,False,False,True,True,True
8,178,30,224,178,224,224,30,30,224,178,178,178,224,False,False,True,False,True,True,False,False,True,False,False,False
9,203,53,203,53,46,203,53,53,57,203,203,203,203,True,False,True,False,False,True,False,False,False,True,True,True
10,167,91,167,167,91,91,91,91,167,167,167,167,91,False,True,False,False,True,True,True,True,False,False,False,False
11,241,241,241,241,241,241,241,241,241,241,241,241,241,True,True,True,True,True,True,True,True,True,True,True,True
12,91,91,91,91,91,91,91,91,91,91,91,91,243,False,False,False,False,False,False,False,False,False,False,False,False
13,222,222,222,222,222,222,222,222,222,222,222,222,222,True,True,True,True,True,True,True,True,True,True,True,True
14,220,3,6,119,6,224,3,3,119,220,220,220,220,True,False,False,False,False,False,False,False,False,True,True,True
15,149,62,119,119,62,191,149,62,119,149,149,149,180,False,False,False,False,False,False,False,False,False,False,False,False
16,209,52,52,209,52,231,268,52,52,209,209,209,56,False,False,False,False,False,False,False,False,False,False,False,False
17,140,2,232,239,239,232,140,2,232,140,140,140,232,False,False,True,False,False,True,False,False,True,False,False,False
18,177,6,224,142,149,224,149,6,224,177,177,177,177,True,False,False,False,False,False,False,False,False,True,True,True
19,22,6,158,12,259,214,22,6,158,22,22,22,158,False,False,True,False,False,False,False,False,True,False,False,False
20,107,107,182,182,191,222,149,107,182,107,107,107,191,False,False,False,False,True,False,False,False,False,False,False,False
21,129,129,214,246,199,214,129,129,181,129,129,129,181,False,False,False,False,False,False,False,False,True,False,False,False
22,247,200,257,228,228,257,257,200,257,247,247,247,247,True,False,False,False,False,False,False,False,False,True,True,True
23,149,62,191,62,185,191,149,62,191,149,149,149,191,False,False,True,False,False,True,False,False,True,False,False,False
24,231,52,231,119,119,231,231,52,57,231,231,231,231,True,False,True,False,False,True,True,False,False,True,True,True
25,2,2,2,200,262,2,200,2,2,2,2,2,2,True,True,True,False,False,True,False,True,True,True,True,True
26,224,224,224,224,224,224,224,224,224,224,224,224,224,True,True,True,True,True,True,True,True,True,True,True,True
27,214,214,214,214,214,214,214,214,214,214,214,214,214,True,True,True,True,True,True,True,True,True,True,True,True
28,174,53,253,238,238,174,174,53,253,174,174,174,174,True,False,False,False,False,True,True,False,False,True,True,True
29,157,91,224,157,208,224,56,91,224,157,157,157,56,False,False,False,False,False,False,True,False,False,False,False,False
30,103,103,16,86,244,56,56,56,16,103,103,103,11,False,False,False,False,False,False,False,False,False,False,False,False
31,94,91,154,94,164,231,149,231,154,94,94,94,107,False,False,False,False,False,False,False,False,False,False,False,False
32,149,52,52,246,42,205,149,205,149,149,149,149,258,False,False,False,False,False,False,False,False,False,False,False,False
33,154,30,154,154,4,4,4,4,154,154,154,154,195,False,False,False,False,False,False,False,False,False,False,False,False
34,140,52,140,244,244,258,140,258,140,140,140,140,56,False,False,False,False,False,False,False,False,False,False,False,False
35,205,7,28,246,57,205,28,205,28,205,205,205,213,False,False,False,False,False,False,False,False,False,False,False,False
36,234,53,243,86,243,234,234,234,243,234,234,234,234,True,False,False,False,False,True,True,True,False,True,True,True
37,221,221,224,181,36,224,224,224,224,221,221,221,36,False,False,False,False,True,False,False,False,False,False,False,False
38,86,206,16,86,206,206,16,206,16,86,86,86,206,False,True,False,False,True,True,False,True,False,False,False,False
39,149,91,149,244,244,91,149,91,149,149,149,149,91,False,True,False,False,False,True,False,True,False,False,False,False
40,205,28,28,205,28,205,28,205,28,205,205,205,205,True,False,False,True,False,True,False,True,False,True,True,True
41,84,84,84,84,84,84,84,84,84,84,84,84,84,True,True,True,True,True,True,True,True,True,True,True,True
0,107,91,107,167,10,91,91,91,107,107,107,107,19,False,False,False,False,False,False,False,False,False,False,False,False
1,238,5,241,238,238,5,5,5,191,238,238,238,5,False,True,False,False,False,True,True,True,False,False,False,False
2,24,24,143,142,61,24,24,24,143,24,24,24,24,True,True,False,False,False,True,True,True,False,True,True,True
3,17,17,229,110,269,17,17,17,229,17,17,17,229,False,False,True,False,False,False,False,False,True,False,False,False
4,140,17,17,228,143,17,17,17,140,140,140,140,253,False,False,False,False,False,False,False,False,False,False,False,False
5,157,62,77,68,91,77,62,62,77,157,157,157,62,False,True,False,False,False,False,True,True,False,False,False,False
6,140,140,231,165,257,231,140,140,231,140,140,140,140,True,True,False,False,False,False,True,True,False,True,True,True
7,156,156,205,257,205,205,156,156,259,156,156,156,259,False,False,False,False,False,False,False,False,True,False,False,False
8,167,91,10,167,10,91,91,91,10,167,167,167,84,False,False,False,False,False,False,False,False,False,False,False,False
9,229,167,229,167,191,191,167,167,229,229,229,229,229,True,False,True,False,False,False,False,False,True,True,True,True
10,143,143,167,167,143,143,143,143,143,143,143,143,143,True,True,False,False,True,True,True,True,True,True,True,True
11,86,86,86,86,42,86,86,86,86,86,86,86,42,False,False,False,False,True,False,False,False,False,False,False,False
12,122,122,122,228,228,228,122,122,122,122,122,122,122,True,True,True,False,False,False,True,True,True,True,True,True
13,243,243,243,243,243,243,243,243,243,243,243,243,243,True,True,True,True,True,True,True,True,True,True,True,True
14,190,0,160,178,178,160,0,0,160,190,190,190,190,True,False,False,False,False,False,False,False,False,True,True,True
15,209,77,229,209,145,49,229,77,229,209,209,209,19,False,False,False,False,False,False,False,False,False,False,False,False
16,209,26,184,209,92,265,143,26,184,209,209,209,26,False,True,False,False,False,False,False,True,False,False,False,False
17,0,0,80,80,26,232,0,0,0,0,0,0,26,False,False,False,False,True,False,False,False,False,False,False,False
18,18,18,143,182,84,18,143,18,143,18,18,18,67,False,False,False,False,False,False,False,False,False,False,False,False
19,17,17,17,165,17,17,253,17,17,17,17,17,253,False,False,False,False,False,False,True,False,False,False,False,False
20,17,6,17,157,57,17,6,6,17,17,17,17,6,False,True,False,False,False,False,True,True,False,False,False,False
21,142,77,205,142,120,205,142,77,205,142,142,142,84,False,False,False,False,False,False,False,False,False,False,False,False
22,149,30,149,178,178,257,149,30,149,149,149,149,149,True,False,True,False,False,False,True,False,True,True,True,True
23,80,77,28,80,28,77,28,77,28,80,80,80,28,False,False,True,False,True,False,True,False,True,False,False,False
24,143,62,143,167,167,143,143,62,143,143,143,143,129,False,False,False,False,False,False,False,False,False,False,False,False
25,157,157,185,157,84,157,185,157,185,157,157,157,185,False,False,True,False,False,False,True,False,True,False,False,False
26,244,244,244,244,84,244,244,244,244,244,244,244,84,False,False,False,False,True,False,False,False,False,False,False,False
27,244,244,244,244,244,244,244,244,244,244,244,244,244,True,True,True,True,True,True,True,True,True,True,True,True
28,223,22,223,142,184,46,223,22,223,223,223,223,223,True,False,True,False,False,False,True,False,True,True,True,True
29,50,21,22,157,105,220,22,21,22,50,50,50,50,True,False,False,False,False,False,False,False,False,True,True,True
30,203,68,16,68,108,203,16,16,16,203,203,203,16,False,False,True,False,False,False,True,True,True,False,False,False
31,157,26,28,157,7,124,28,28,28,157,157,157,26,False,True,False,False,False,False,False,False,False,False,False,False
32,95,30,95,244,57,268,95,95,95,95,95,95,95,True,False,True,False,False,False,True,True,True,True,True,True
33,52,52,259,86,64,56,259,259,259,52,52,52,52,True,True,False,False,False,False,False,False,False,True,True,True
34,195,53,28,53,243,53,28,28,28,195,195,195,195,True,False,False,False,False,False,False,False,False,True,True,True
35,195,6,6,167,259,167,6,6,6,195,195,195,6,False,True,True,False,False,False,True,True,True,False,False,False
36,184,142,184,142,57,142,184,142,184,184,184,184,184,True,False,True,False,False,False,True,False,True,True,True,True
37,220,105,220,229,196,220,188,229,220,220,220,220,188,False,False,False,False,False,False,True,False,False,False,False,False
38,68,68,10,68,10,68,68,68,10,68,68,68,23,False,False,False,False,False,False,False,False,False,False,False,False
39,157,157,243,157,243,157,157,157,243,157,157,157,157,True,True,False,True,False,True,True,True,False,True,True,True
40,57,30,57,0,57,57,57,57,57,57,57,57,30,False,True,False,False,False,False,False,False,False,False,False,False
41,163,163,163,163,163,163,163,163,163,163,163,163,163,True,True,True,True,True,True,True,True,True,True,True,True
0,238,18,238,238,242,18,18,18,238,238,238,238,121,False,False,False,False,False,False,False,False,False,False,False,False
1,188,30,242,86,30,30,30,30,242,188,188,188,124,False,False,False,False,False,False,False,False,False,False,False,False
2,220,105,92,268,220,105,105,105,92,220,220,220,189,False,False,False,False,False,False,False,False,False,False,False,False
3,140,129,142,142,140,129,129,129,140,140,140,140,10,False,False,False,False,False,False,False,False,False,False,False,False
4,103,103,86,86,263,103,103,103,86,103,103,103,267,False,False,False,False,False,False,False,False,False,False,False,False
5,215,215,222,222,101,181,215,215,222,215,215,215,98,False,False,False,False,False,False,False,False,False,False,False,False
6,231,30,187,187,23,187,30,30,187,231,231,231,187,False,False,True,True,False,True,False,False,True,False,False,False
7,24,24,24,187,20,24,24,24,24,24,24,24,24,True,True,True,False,False,True,True,True,True,True,True,True
8,271,52,271,52,242,242,52,52,198,271,271,271,52,False,True,False,True,False,False,True,True,False,False,False,False
9,242,30,242,242,30,242,30,30,242,242,242,242,72,False,False,False,False,False,False,False,False,False,False,False,False
10,205,205,57,205,161,205,205,205,57,205,205,205,60,False,False,False,False,False,False,False,False,False,False,False,False
11,232,268,232,268,232,232,268,268,232,232,232,232,232,True,False,True,False,True,True,False,False,True,True,True,True
12,161,161,161,0,194,194,161,161,161,161,161,161,161,True,True,True,False,False,False,True,True,True,True,True,True
13,163,163,163,163,163,163,163,163,163,163,163,163,163,True,True,True,True,True,True,True,True,True,True,True,True
14,238,47,231,238,25,184,47,47,231,238,238,238,108,False,False,False,False,False,False,False,False,False,False,False,False
15,188,52,49,244,16,52,244,52,49,188,188,188,187,False,False,False,False,False,False,False,False,False,False,False,False
16,95,80,80,80,258,181,80,80,95,95,95,95,97,False,False,False,False,False,False,False,False,False,False,False,False
17,209,18,253,209,77,72,209,18,253,209,209,209,124,False,False,False,False,False,False,False,False,False,False,False,False
18,80,2,24,80,135,24,80,2,24,80,80,80,24,False,False,True,False,False,True,False,False,True,False,False,False
19,242,53,242,53,195,242,195,53,242,242,242,242,105,False,False,False,False,False,False,False,False,False,False,False,False
20,150,2,2,94,94,2,94,2,94,150,150,150,57,False,False,False,False,False,False,False,False,False,False,False,False
21,4,1,4,1,228,4,1,1,4,4,4,4,123,False,False,False,False,False,False,False,False,False,False,False,False
22,184,184,184,228,228,184,228,184,184,184,184,184,267,False,False,False,False,False,False,False,False,False,False,False,False
23,224,224,244,244,134,224,244,224,244,224,224,224,224,True,True,False,False,False,True,False,True,False,True,True,True
24,258,206,258,206,84,258,258,206,258,258,258,258,266,False,False,False,False,False,False,False,False,False,False,False,False
25,53,53,53,53,53,53,53,53,53,53,53,53,144,False,False,False,False,False,False,False,False,False,False,False,False
26,185,249,185,185,185,185,185,249,185,185,185,185,249,False,True,False,False,False,False,False,True,False,False,False,False
27,53,53,53,53,53,53,53,53,53,53,53,53,53,True,True,True,True,True,True,True,True,True,True,True,True
28,143,52,143,246,89,52,246,52,246,143,143,143,52,False,True,False,False,False,True,False,True,False,False,False,False
29,69,67,67,239,69,67,239,67,67,69,69,69,67,False,True,True,False,False,True,False,True,True,False,False,False
30,190,30,190,165,42,184,165,184,190,190,190,190,105,False,False,False,False,False,False,False,False,False,False,False,False
31,18,18,149,18,214,19,18,19,149,18,18,18,19,False,False,False,False,False,True,False,True,False,False,False,False
32,203,6,244,244,6,242,244,242,244,203,203,203,269,False,False,False,False,False,False,False,False,False,False,False,False
33,184,33,184,142,244,184,142,184,142,184,184,184,7,False,False,False,False,False,False,False,False,False,False,False,False
34,231,167,229,167,246,231,167,231,231,231,231,231,23,False,False,False,False,False,False,False,False,False,False,False,False
35,167,167,28,167,167,247,167,247,28,167,167,167,247,False,False,False,False,False,True,False,True,False,False,False,False
36,92,62,92,246,57,92,246,92,92,92,92,92,144,False,False,False,False,False,False,False,False,False,False,False,False
37,140,91,140,91,222,140,140,140,140,140,140,140,91,False,True,False,True,False,False,False,False,False,False,False,False
38,184,30,184,77,184,184,184,184,184,184,184,184,184,True,False,True,False,True,True,True,True,True,True,True,True
39,77,30,77,77,257,77,77,77,77,77,77,77,30,False,True,False,False,False,False,False,False,False,False,False,False
40,244,206,244,244,206,244,244,244,244,244,244,244,206,False,True,False,False,True,False,False,False,False,False,False,False
41,184,184,184,184,184,184,184,184,184,184,184,184,184,True,True,True,True,True,True,True,True,True,True,True,True
0,96,94,96,94,42,94,94,94,96,96,96,96,43,False,False,False,False,False,False,False,False,False,False,False,False
1,209,91,107,209,25,91,91,91,107,209,209,209,253,False,False,False,False,False,False,False,False,False,False,False,False
2,271,52,236,120,20,52,52,52,236,271,271,271,129,False,False,False,False,False,False,False,False,False,False,False,False
3,17,6,220,120,17,6,6,6,220,17,17,17,89,False,False,False,False,False,False,False,False,False,False,False,False
4,143,143,191,143,229,143,143,143,191,143,143,143,229,False,False,False,False,True,False,False,False,False,False,False,False
5,271,105,120,120,254,188,105,105,120,271,271,271,188,False,False,False,False,False,True,False,False,False,False,False,False
6,107,62,62,167,20,62,62,62,62,107,107,107,105,False,False,False,False,False,False,False,False,False,False,False,False
7,24,24,188,24,188,188,24,24,24,24,24,24,188,False,False,True,False,True,True,False,False,False,False,False,False
8,105,105,258,187,187,105,105,105,258,105,105,105,187,False,False,False,True,True,False,False,False,False,False,False,False
9,107,91,107,167,107,107,91,91,107,107,107,107,107,True,False,True,False,True,True,False,False,True,True,True,True
10,52,52,52,244,187,187,52,52,52,52,52,52,187,False,False,False,False,True,True,False,False,False,False,False,False
11,120,6,120,120,120,6,6,6,6,120,120,120,6,False,True,False,False,False,True,True,True,True,False,False,False
12,221,221,185,185,185,185,221,221,185,221,221,221,185,False,False,True,True,True,True,False,False,True,False,False,False
13,242,242,242,242,242,242,242,242,242,242,242,242,242,True,True,True,True,True,True,True,True,True,True,True,True
14,203,0,190,245,120,190,0,0,190,203,203,203,190,False,False,True,False,False,True,False,False,True,False,False,False
15,184,1,184,1,246,253,253,1,265,184,184,184,253,False,False,False,False,False,True,True,False,False,False,False,False
16,0,0,0,119,119,0,0,0,0,0,0,0,0,True,True,True,False,False,True,True,True,True,True,True,True
17,95,24,95,228,140,95,95,24,95,95,95,95,95,True,False,True,False,False,True,True,False,True,True,True,True
18,55,55,103,86,20,55,55,55,55,55,55,55,55,True,True,False,False,False,True,True,True,True,True,True,True
19,67,6,271,80,6,253,253,6,271,67,67,67,67,True,False,False,False,False,False,False,False,False,True,True,True
20,107,6,49,62,62,129,129,6,49,107,107,107,6,False,True,False,False,False,False,False,True,False,False,False,False
21,142,142,232,142,163,142,142,142,232,142,142,142,142,True,True,False,True,False,True,True,True,False,True,True,True
22,203,203,243,120,243,259,259,203,243,203,203,203,203,True,True,False,False,False,False,False,True,False,True,True,True
23,242,1,242,1,242,1,195,1,242,242,242,242,195,False,False,False,False,False,False,True,False,False,False,False,False
24,89,89,89,89,164,89,89,89,89,89,89,89,89,True,True,True,True,False,True,True,True,True,True,True,True
25,140,140,140,228,228,140,140,140,140,140,140,140,140,True,True,True,False,False,True,True,True,True,True,True,True
26,247,247,247,247,247,247,247,247,247,247,247,247,247,True,True,True,True,True,True,True,True,True,True,True,True
27,30,30,30,30,30,30,30,30,30,30,30,30,30,True,True,True,True,True,True,True,True,True,True,True,True
28,22,22,22,182,22,22,22,22,22,22,22,22,188,False,False,False,False,False,False,False,False,False,False,False,False
29,184,53,149,86,184,149,149,53,149,184,184,184,237,False,False,False,False,False,False,False,False,False,False,False,False
30,203,1,71,1,218,71,71,203,71,203,203,203,71,False,False,True,False,False,True,True,False,True,False,False,False
31,18,17,253,17,271,253,253,18,253,18,18,18,253,False,False,True,False,False,True,True,False,True,False,False,False
32,22,22,22,192,228,22,22,22,22,22,22,22,105,False,False,False,False,False,False,False,False,False,False,False,False
33,103,103,103,182,103,16,16,103,103,103,103,103,103,True,True,True,False,True,False,False,True,True,True,True,True
34,255,24,255,178,56,255,255,255,255,255,255,255,255,True,False,True,False,False,True,True,True,True,True,True,True
35,242,1,129,1,1,129,129,242,129,242,242,242,65,False,False,False,False,False,False,False,False,False,False,False,False
36,247,187,247,182,187,247,247,247,247,247,247,247,187,False,True,False,False,True,False,False,False,False,False,False,False
37,149,149,149,86,86,149,149,149,149,149,149,149,42,False,False,False,False,False,False,False,False,False,False,False,False
38,16,221,224,224,221,16,16,224,224,16,16,16,16,True,False,False,False,False,True,True,False,False,True,True,True
39,243,163,243,243,134,243,243,243,243,243,243,243,134,False,False,False,False,True,False,False,False,False,False,False,False
40,62,62,62,244,62,62,62,62,62,62,62,62,62,True,True,True,False,True,True,True,True,True,True,True,True
41,243,243,243,243,243,243,243,243,243,243,243,243,243,True,True,True,True,True,True,True,True,True,True,True,True
0,95,3,95,110,149,3,3,3,95,95,95,95,256,False,False,False,False,False,False,False,False,False,False,False,False
1,248,52,248,94,265,52,52,52,52,248,248,248,265,False,False,False,False,True,False,False,False,False,False,False,False
2,94,94,191,94,187,94,94,94,94,94,94,94,191,False,False,True,False,False,False,False,False,False,False,False,False
3,146,1,52,119,52,1,1,1,52,146,146,146,146,True,False,False,False,False,False,False,False,False,True,True,True
4,69,1,69,1,89,1,1,1,69,69,69,69,89,False,False,False,False,True,False,False,False,False,False,False,False
5,92,21,92,246,129,246,21,21,92,92,92,92,21,False,True,False,False,False,False,True,True,False,False,False,False
6,22,2,22,119,155,119,2,2,231,22,22,22,22,True,False,True,False,False,False,False,False,False,True,True,True
7,238,47,238,238,208,238,47,47,238,238,238,238,47,False,True,False,False,False,False,True,True,False,False,False,False
8,149,3,247,228,23,228,3,3,149,149,149,149,3,False,True,False,False,False,False,True,True,False,False,False,False
9,157,157,157,157,87,157,157,157,157,157,157,157,188,False,False,False,False,False,False,False,False,False,False,False,False
10,119,119,181,119,212,119,119,119,181,119,119,119,119,True,True,False,True,False,True,True,True,False,True,True,True
11,1,1,1,182,181,1,1,1,1,1,1,1,1,True,True,True,False,False,True,True,True,True,True,True,True
12,222,222,222,222,262,222,222,222,222,222,222,222,222,True,True,True,True,False,True,True,True,True,True,True,True
13,30,30,30,30,30,30,30,30,30,30,30,30,30,True,True,True,True,True,True,True,True,True,True,True,True
14,157,6,232,157,232,157,6,6,232,157,157,157,237,False,False,False,False,False,False,False,False,False,False,False,False
15,95,80,95,80,87,80,95,80,95,95,95,95,95,True,False,True,False,False,False,True,False,True,True,True,True
16,18,17,52,182,86,120,18,17,52,18,18,18,17,False,True,False,False,False,False,False,True,False,False,False,False
17,67,1,4,1,10,1,1,1,67,67,67,67,67,True,False,False,False,False,False,False,False,True,True,True,True
18,103,103,103,182,101,182,253,103,103,103,103,103,103,True,True,True,False,False,False,False,True,True,True,True,True
19,203,149,238,238,247,238,149,149,238,203,203,203,203,True,False,False,False,False,False,False,False,False,True,True,True
20,67,2,67,167,110,167,16,2,67,67,67,67,67,True,False,True,False,False,False,False,False,True,True,True,True
21,24,8,24,8,60,8,62,8,24,24,24,24,36,False,False,False,False,False,False,False,False,False,False,False,False
22,6,6,6,6,161,6,6,6,6,6,6,6,191,False,False,False,False,False,False,False,False,False,False,False,False
23,119,119,119,119,181,119,119,119,119,119,119,119,181,False,False,False,False,True,False,False,False,False,False,False,False
24,182,7,182,182,7,182,182,7,182,182,182,182,7,False,True,False,False,True,False,False,True,False,False,False,False
25,4,4,4,4,199,4,4,4,4,4,4,4,4,True,True,True,True,False,True,True,True,True,True,True,True
26,86,86,86,86,86,86,86,86,86,86,86,86,84,False,False,False,False,False,False,False,False,False,False,False,False
27,208,208,208,208,208,208,208,208,208,208,208,208,208,True,True,True,True,True,True,True,True,True,True,True,True
28,149,72,149,110,165,110,149,72,149,149,149,149,213,False,False,False,False,False,False,False,False,False,False,False,False
29,94,2,62,94,32,94,62,2,62,94,94,94,177,False,False,False,False,False,False,False,False,False,False,False,False
30,238,1,234,238,167,238,238,107,234,238,238,238,234,False,False,True,False,False,False,False,False,True,False,False,False
31,92,149,92,86,97,86,92,242,92,92,92,92,181,False,False,False,False,False,False,False,False,False,False,False,False
32,238,6,238,238,185,238,92,247,247,238,238,238,91,False,False,False,False,False,False,False,False,False,False,False,False
33,158,53,158,244,214,244,53,158,158,158,158,158,158,True,False,True,False,False,False,False,True,True,True,True,True
34,22,22,22,157,267,157,22,143,22,22,22,22,191,False,False,False,False,False,False,False,False,False,False,False,False
35,222,129,129,110,267,110,129,243,129,222,222,222,243,False,False,False,False,False,False,False,True,False,False,False,False
36,149,149,149,110,149,110,149,243,149,149,149,149,243,False,False,False,False,False,False,False,True,False,False,False,False
37,142,2,2,142,142,142,142,2,2,142,142,142,2,False,True,True,False,False,False,False,True,True,False,False,False
38,238,1,238,238,1,238,238,238,238,238,238,238,238,True,False,True,True,False,True,True,True,True,True,True,True
39,92,92,205,92,205,92,92,92,92,92,92,92,42,False,False,False,False,False,False,False,False,False,False,False,False
40,238,6,6,238,238,238,6,238,6,238,238,238,238,True,False,False,True,True,True,False,True,False,True,True,True
41,257,257,257,257,257,257,257,257,257,257,257,257,257,True,True,True,True,True,True,True,True,True,True,True,True
0,140,3,140,228,184,3,3,3,140,140,140,140,153,False,False,False,False,False,False,False,False,False,False,False,False
1,80,80,105,80,28,80,80,80,105,80,80,80,105,False,False,True,False,False,False,False,False,True,False,False,False
2,238,39,156,238,87,39,39,39,156,238,238,238,238,True,False,False,True,False,False,False,False,False,True,True,True
3,95,2,120,120,2,2,2,2,242,95,95,95,95,True,False,False,False,False,False,False,False,False,True,True,True
4,157,105,184,157,168,105,105,105,184,157,157,157,105,False,True,False,False,False,True,True,True,False,False,False,False
5,18,2,2,18,163,2,2,2,2,18,18,18,42,False,False,False,False,False,False,False,False,False,False,False,False
6,140,30,140,246,103,103,30,30,267,140,140,140,103,False,False,False,False,True,True,False,False,False,False,False,False
7,24,6,24,6,205,24,6,6,24,24,24,24,24,True,False,True,False,False,True,False,False,True,True,True,True
8,140,77,140,228,140,184,77,77,140,140,140,140,184,False,False,False,False,False,True,False,False,False,False,False,False
9,229,129,229,229,229,229,129,129,229,229,229,229,229,True,False,True,True,True,True,False,False,True,True,True,True
10,156,156,156,165,165,165,156,156,156,156,156,156,87,False,False,False,False,False,False,False,False,False,False,False,False
11,242,242,242,242,148,242,242,242,242,242,242,242,242,True,True,True,True,False,True,True,True,True,True,True,True
12,206,206,206,206,123,206,206,206,206,206,206,206,123,False,False,False,False,True,False,False,False,False,False,False,False
13,212,212,212,212,212,212,212,212,212,212,212,212,212,True,True,True,True,True,True,True,True,True,True,True,True
14,231,62,62,119,167,195,62,62,62,231,231,231,227,False,False,False,False,False,False,False,False,False,False,False,False
15,96,89,96,96,153,103,89,89,96,96,96,96,153,False,False,False,False,True,False,False,False,False,False,False,False
16,255,53,157,157,157,187,255,53,157,255,255,255,187,False,False,False,False,False,True,False,False,False,False,False,False
17,209,142,209,209,215,247,209,142,209,209,209,209,142,False,True,False,False,False,False,False,True,False,False,False,False
18,0,0,53,47,122,2,0,0,53,0,0,0,47,False,False,False,True,False,False,False,False,False,False,False,False
19,143,33,143,86,4,143,143,33,143,143,143,143,86,False,False,False,True,False,False,False,False,False,False,False,False
20,242,156,242,167,199,242,259,156,242,242,242,242,246,False,False,False,False,False,False,False,False,False,False,False,False
21,49,129,129,165,221,129,129,129,129,49,49,49,165,False,False,False,True,False,False,False,False,False,False,False,False
22,167,62,198,119,259,119,62,62,62,167,167,167,119,False,False,False,True,False,True,False,False,False,False,False,False
23,96,96,96,96,96,129,129,96,96,96,96,96,96,True,True,True,True,True,False,False,True,True,True,True,True
24,157,157,157,157,249,188,188,157,157,157,157,157,157,True,True,True,True,False,False,False,True,True,True,True,True
25,246,246,243,246,243,243,246,246,243,246,246,246,246,True,True,False,True,False,False,True,True,False,True,True,True
26,92,92,92,92,92,92,92,92,92,92,92,92,92,True,True,True,True,True,True,True,True,True,True,True,True
27,253,253,253,253,253,253,253,253,253,253,253,253,253,True,True,True,True,True,True,True,True,True,True,True,True
28,80,80,149,80,205,184,149,80,149,80,80,80,11,False,False,False,False,False,False,False,False,False,False,False,False
29,80,24,24,80,200,24,229,24,24,80,80,80,24,False,True,True,False,False,True,False,True,True,False,False,False
30,17,6,6,120,224,20,6,20,6,17,17,17,20,False,False,False,False,False,True,False,True,False,False,False,False
31,95,30,95,120,154,195,95,195,95,95,95,95,87,False,False,False,False,False,False,False,False,False,False,False,False
32,215,112,149,173,149,181,149,181,149,215,215,215,263,False,False,False,False,False,False,False,False,False,False,False,False
33,120,53,53,119,120,119,62,119,269,120,120,120,119,False,False,False,True,False,True,False,True,False,False,False,False
34,95,95,95,142,87,247,95,247,95,95,95,95,142,False,False,False,True,False,False,False,False,False,False,False,False
35,140,140,157,157,246,140,140,140,157,140,140,140,86,False,False,False,False,False,False,False,False,False,False,False,False
36,184,149,184,228,148,184,149,184,184,184,184,184,184,True,False,True,False,False,True,False,True,True,True,True,True
37,215,200,229,200,194,229,229,215,215,215,215,215,229,False,False,True,False,False,True,True,False,False,False,False,False
38,17,6,17,120,17,6,6,17,17,17,17,17,120,False,False,False,True,False,False,False,False,False,False,False,False
39,188,188,188,228,259,188,188,188,188,188,188,188,228,False,False,False,True,False,False,False,False,False,False,False,False
40,149,149,149,149,149,149,149,149,205,149,149,149,149,True,True,True,True,True,True,True,True,False,True,True,True
41,161,161,161,161,161,161,161,161,161,161,161,161,161,True,True,True,True,True,True,True,True,True,True,True,True
0,223,30,223,142,223,30,30,30,223,223,223,223,223,True,False,True,False,True,False,False,False,True,True,True,True
1,248,142,209,209,97,142,142,142,209,248,248,248,248,True,False,False,False,False,False,False,False,False,True,True,True
2,203,142,253,238,204,142,142,142,253,203,203,203,238,False,False,False,True,False,False,False,False,False,False,False,False
3,17,2,149,165,2,2,2,2,149,17,17,17,17,True,False,False,False,False,False,False,False,False,True,True,True
4,24,24,24,86,24,24,24,24,86,24,24,24,89,False,False,False,False,False,False,False,False,False,False,False,False
5,203,30,185,167,124,107,30,30,185,203,203,203,33,False,False,False,False,False,False,False,False,False,False,False,False
6,24,1,24,1,30,24,1,1,198,24,24,24,24,True,False,True,False,False,True,False,False,False,True,True,True
7,184,184,184,184,205,184,184,184,184,184,184,184,184,True,True,True,True,False,True,True,True,True,True,True,True
8,167,30,247,167,208,247,30,30,247,167,167,167,167,True,False,False,True,False,False,False,False,False,True,True,True
9,232,232,185,232,232,243,232,232,185,232,232,232,232,True,True,False,True,True,False,True,True,False,True,True,True
10,203,203,20,203,20,20,203,203,20,203,203,203,253,False,False,False,False,False,False,False,False,False,False,False,False
11,2,2,91,91,91,2,2,2,91,2,2,2,2,True,True,False,False,False,True,True,True,False,True,True,True
12,28,28,28,28,28,28,28,28,28,28,28,28,28,True,True,True,True,True,True,True,True,True,True,True,True
13,228,228,228,228,228,228,228,228,228,228,228,228,228,True,True,True,True,True,True,True,True,True,True,True,True
14,0,0,107,8,6,107,0,0,107,0,0,0,0,True,True,False,False,False,False,True,True,False,True,True,True
15,140,17,24,238,140,24,140,17,24,140,140,140,238,False,False,False,True,False,False,False,False,False,False,False,False
16,234,1,8,8,231,52,28,1,8,234,234,234,8,False,False,True,True,False,False,False,False,True,False,False,False
17,203,8,203,8,253,195,253,8,195,203,203,203,8,False,True,False,True,False,False,False,True,False,False,False,False
18,95,1,184,1,78,184,95,1,184,95,95,95,95,True,False,False,False,False,False,True,False,False,True,True,True
19,203,142,142,142,163,203,200,142,142,203,203,203,200,False,False,False,False,False,False,True,False,False,False,False,False
20,255,62,255,62,198,255,255,62,255,255,255,255,255,True,False,True,False,False,True,True,False,True,True,True,True
21,143,17,143,17,143,143,143,17,143,143,143,143,143,True,False,True,False,True,True,True,False,True,True,True,True
22,107,6,120,120,6,107,6,6,107,107,107,107,120,False,False,True,True,False,False,False,False,False,False,False,False
23,17,17,181,17,161,181,17,17,181,17,17,17,262,False,False,False,False,False,False,False,False,False,False,False,False
24,17,1,17,1,17,1,17,1,17,17,17,17,1,False,True,False,True,False,True,False,True,False,False,False,False
25,247,167,247,167,271,247,247,167,247,247,247,247,167,False,True,False,True,False,False,False,True,False,False,False,False
26,86,86,86,86,86,86,86,86,161,86,86,86,86,True,True,True,True,True,True,True,True,False,True,True,True
27,205,205,205,205,205,205,205,205,205,205,205,205,205,True,True,True,True,True,True,True,True,True,True,True,True
28,190,17,190,94,127,184,190,17,190,190,190,190,190,True,False,True,False,False,False,True,False,True,True,True,True
29,140,72,140,167,228,93,140,72,140,140,140,140,19,False,False,False,False,False,False,False,False,False,False,False,False
30,18,18,18,246,28,105,229,18,18,18,18,18,229,False,False,False,False,False,False,True,False,False,False,False,False
31,188,21,188,80,123,242,188,242,188,188,188,188,21,False,True,False,False,False,False,False,False,False,False,False,False
32,253,6,253,86,60,253,253,253,253,253,253,253,253,True,False,True,False,False,True,True,True,True,True,True,True
33,149,17,149,17,52,105,149,105,149,149,149,149,16,False,False,False,False,False,False,False,False,False,False,False,False
34,184,167,92,167,208,184,92,184,92,184,184,184,167,False,True,False,True,False,False,False,False,False,False,False,False
35,248,129,248,203,198,242,248,248,248,248,248,248,248,True,False,True,False,False,False,True,True,True,True,True,True
36,17,17,105,17,53,105,253,105,105,17,17,17,253,False,False,False,False,False,False,True,False,False,False,False,False
37,140,91,140,167,57,140,140,140,140,140,140,140,140,True,False,True,False,False,True,True,True,True,True,True,True
38,205,30,205,205,198,205,205,205,205,205,205,205,262,False,False,False,False,False,False,False,False,False,False,False,False
39,188,188,257,257,188,188,188,188,257,188,188,188,188,True,True,False,False,True,True,True,True,False,True,True,True
40,6,6,6,6,6,6,6,6,6,6,6,6,6,True,True,True,True,True,True,True,True,True,True,True,True
41,0,42,0,42,42,42,42,42,0,0,0,0,42,False,True,False,True,True,True,True,True,False,False,False,False
0,138,1,138,138,62,1,1,1,138,138,138,138,138,True,False,True,True,False,False,False,False,True,True,True,True
1,95,2,191,239,140,2,2,2,191,95,95,95,239,False,False,False,True,False,False,False,False,False,False,False,False
2,140,30,49,80,80,30,30,30,49,140,140,140,80,False,False,False,True,True,False,False,False,False,False,False,False
3,242,91,91,246,198,91,91,91,91,242,242,242,246,False,False,False,True,False,False,False,False,False,False,False,False
4,95,2,95,119,16,2,2,2,95,95,95,95,119,False,False,False,True,False,False,False,False,False,False,False,False
5,231,231,260,186,186,20,231,231,260,231,231,231,257,False,False,False,False,False,False,False,False,False,False,False,False
6,238,107,107,238,123,107,107,107,28,238,238,238,238,True,False,False,True,False,False,False,False,False,True,True,True
7,247,247,247,257,198,247,247,247,247,247,247,247,257,False,False,False,True,False,False,False,False,False,False,False,False
8,271,62,271,62,232,271,62,62,271,271,271,271,271,True,False,True,False,False,True,False,False,True,True,True,True
9,184,2,184,61,2,184,2,2,184,184,184,184,61,False,False,False,True,False,False,False,False,False,False,False,False
10,140,30,215,140,215,215,30,30,215,140,140,140,232,False,False,False,False,False,False,False,False,False,False,False,False
11,156,91,91,91,156,156,91,91,156,156,156,156,91,False,True,True,True,False,False,True,True,False,False,False,False
12,2,2,6,6,6,2,2,2,6,2,2,2,2,True,True,False,False,False,True,True,True,False,True,True,True
13,84,84,84,84,84,84,84,84,84,84,84,84,84,True,True,True,True,True,True,True,True,True,True,True,True
14,18,9,18,157,84,24,9,9,24,18,18,18,110,False,False,False,False,False,False,False,False,False,False,False,False
15,0,0,0,94,220,103,0,0,0,0,0,0,94,False,False,False,True,False,False,False,False,False,False,False,False
16,17,17,17,228,219,72,72,17,17,17,17,17,17,True,True,True,False,False,False,False,True,True,True,True,True
17,192,21,21,192,21,158,158,21,21,192,192,192,192,True,False,False,True,False,False,False,False,False,True,True,True
18,245,1,72,245,167,72,72,1,72,245,245,245,245,True,False,False,True,False,False,False,False,False,True,True,True
19,242,53,53,119,124,242,132,53,53,242,242,242,119,False,False,False,True,False,False,False,False,False,False,False,False
20,94,62,146,94,228,94,62,62,146,94,94,94,146,False,False,True,False,False,False,False,False,True,False,False,False
21,80,1,46,96,80,80,80,1,46,80,80,80,80,True,False,False,False,True,True,True,False,False,True,True,True
22,157,124,222,157,157,184,184,124,222,157,157,157,222,False,False,True,False,False,False,False,False,True,False,False,False
23,220,220,232,232,259,220,259,220,232,220,220,220,232,False,False,True,True,False,False,False,False,True,False,False,False
24,267,267,267,228,267,267,267,267,267,267,267,267,228,False,False,False,True,False,False,False,False,False,False,False,False
25,222,62,178,178,62,222,62,62,178,222,222,222,178,False,False,True,True,False,False,False,False,True,False,False,False
26,1,1,1,1,1,1,1,1,1,1,1,1,1,True,True,True,True,True,True,True,True,True,True,True,True
27,178,178,178,178,178,178,178,178,178,178,178,178,178,True,True,True,True,True,True,True,True,True,True,True,True
28,146,6,6,178,242,242,193,6,6,146,146,146,114,False,False,False,False,False,False,False,False,False,False,False,False
29,95,67,95,80,11,67,95,67,95,95,95,95,80,False,False,False,True,False,False,False,False,False,False,False,False
30,271,1,149,182,1,187,149,187,149,271,271,271,271,True,False,False,False,False,False,False,False,False,True,True,True
31,18,18,18,178,62,184,184,184,18,18,18,18,271,False,False,False,False,False,False,False,False,False,False,False,False
32,238,129,238,238,143,243,143,243,238,238,238,238,238,True,False,True,True,False,False,False,False,True,True,True,True
33,146,2,107,244,244,107,107,107,107,146,146,146,146,True,False,False,False,False,False,False,False,False,True,True,True
34,157,62,157,119,65,65,65,65,157,157,157,157,119,False,False,False,True,False,False,False,False,False,False,False,False
35,255,53,255,228,255,247,255,247,255,255,255,255,53,False,True,False,False,False,False,False,False,False,False,False,False
36,232,6,6,52,232,52,52,52,6,232,232,232,232,True,False,False,False,True,False,False,False,False,True,True,True
37,231,231,11,120,11,11,11,11,11,231,231,231,231,True,True,False,False,False,False,False,False,False,True,True,True
38,149,149,46,182,262,149,149,149,46,149,149,149,182,False,False,False,True,False,False,False,False,False,False,False,False
39,178,62,178,178,178,57,62,178,178,178,178,178,178,True,False,True,True,True,False,False,True,True,True,True,True
40,28,206,28,206,28,28,28,28,28,28,28,28,206,False,True,False,True,False,False,False,False,False,False,False,False
41,232,232,232,232,232,232,232,232,232,232,232,232,232,True,True,True,True,True,True,True,True,True,True,True,True
0,238,129,238,238,92,129,129,129,238,238,238,238,19,False,False,False,False,False,False,False,False,False,False,False,False
1,209,30,158,209,144,30,30,30,209,209,209,209,176,False,False,False,False,False,False,False,False,False,False,False,False
2,80,26,97,192,26,26,26,26,97,80,80,80,26,False,True,False,False,True,True,True,True,False,False,False,False
3,157,2,62,157,2,2,2,2,158,157,157,157,19,False,False,False,False,False,False,False,False,False,False,False,False
4,95,52,52,157,156,52,52,52,52,95,95,95,95,True,False,False,False,False,False,False,False,False,True,True,True
5,140,105,140,173,242,107,105,105,140,140,140,140,105,False,True,False,False,False,False,True,True,False,False,False,False
6,143,107,143,167,165,107,107,107,143,143,143,143,107,False,True,False,False,False,True,True,True,False,False,False,False
7,271,1,1,1,103,103,1,1,103,271,271,271,103,False,False,False,False,True,True,False,False,True,False,False,False
8,238,129,195,238,229,195,129,129,195,238,238,238,129,False,True,False,False,False,False,True,True,False,False,False,False
9,231,30,158,53,185,158,30,30,158,231,231,231,185,False,False,False,False,True,False,False,False,False,False,False,False
10,246,165,181,246,246,181,165,165,181,246,246,246,181,False,False,True,False,False,True,False,False,True,False,False,False
11,158,2,158,158,2,158,2,2,2,158,158,158,158,True,False,True,True,False,True,False,False,False,True,True,True
12,191,191,191,191,262,191,191,191,191,191,191,191,262,False,False,False,False,True,False,False,False,False,False,False,False
13,242,242,242,242,242,242,242,242,242,242,242,242,242,True,True,True,True,True,True,True,True,True,True,True,True
14,69,2,143,238,64,2,2,2,69,69,69,69,238,False,False,False,True,False,False,False,False,False,False,False,False
15,238,2,220,238,91,2,2,2,238,238,238,238,135,False,False,False,False,False,False,False,False,False,False,False,False
16,174,17,174,119,23,195,195,17,174,174,174,174,119,False,False,False,True,False,False,False,False,False,False,False,False
17,17,17,184,167,217,184,184,17,184,17,17,17,184,False,False,True,False,False,True,True,False,True,False,False,False
18,203,2,119,119,194,184,184,2,119,203,203,203,119,False,False,True,True,False,False,False,False,True,False,False,False
19,143,1,271,1,271,247,247,1,271,143,143,143,1,False,True,False,True,False,False,False,True,False,False,False,False
20,260,6,6,244,91,36,36,6,6,260,260,260,36,False,False,False,False,False,True,True,False,False,False,False,False
21,119,53,205,119,205,119,119,53,205,119,119,119,119,True,False,False,True,False,True,True,False,False,True,True,True
22,17,2,17,17,143,2,2,2,2,17,17,17,2,False,True,False,False,False,True,True,True,True,False,False,False
23,2,2,2,61,2,2,2,2,2,2,2,2,21,False,False,False,False,False,False,False,False,False,False,False,False
24,11,11,11,61,23,11,11,11,11,11,11,11,11,True,True,True,False,False,True,True,True,True,True,True,True
25,217,30,91,91,217,91,91,30,91,217,217,217,217,True,False,False,False,True,False,False,False,False,True,True,True
26,184,2,184,184,2,184,184,2,184,184,184,184,184,True,False,True,True,False,True,True,False,True,True,True,True
27,247,247,247,247,247,247,247,247,247,247,247,247,247,True,True,True,True,True,True,True,True,True,True,True,True
28,92,6,242,86,35,242,242,6,242,92,92,92,180,False,False,False,False,False,False,False,False,False,False,False,False
29,140,72,140,157,257,103,103,72,140,140,140,140,241,False,False,False,False,False,False,False,False,False,False,False,False
30,203,0,0,167,265,158,158,158,0,203,203,203,0,False,True,True,False,False,False,False,False,True,False,False,False
31,154,1,154,182,157,19,19,19,154,154,154,154,19,False,False,False,False,False,True,True,True,False,False,False,False
32,242,53,149,228,20,242,242,242,149,242,242,242,19,False,False,False,False,False,False,False,False,False,False,False,False
33,195,2,259,222,2,195,195,195,259,195,195,195,195,True,False,False,False,False,True,True,True,False,True,True,True
34,22,22,22,167,16,247,247,247,22,22,22,22,52,False,False,False,False,False,False,False,False,False,False,False,False
35,229,12,229,246,229,246,220,229,229,229,229,229,246,False,False,False,True,False,True,False,False,False,False,False,False
36,242,6,242,6,205,242,242,242,242,242,242,242,181,False,False,False,False,False,False,False,False,False,False,False,False
37,92,72,92,91,20,103,103,103,103,92,92,92,103,False,False,False,False,False,True,True,True,True,False,False,False
38,17,17,158,228,158,158,158,158,158,17,17,17,158,False,False,True,False,True,True,True,True,True,False,False,False
39,154,154,154,154,154,154,154,154,154,154,154,154,42,False,False,False,False,False,False,False,False,False,False,False,False
40,242,242,242,242,29,242,242,242,242,242,242,242,242,True,True,True,True,False,True,True,True,True,True,True,True
41,2,2,2,2,2,2,2,2,2,2,2,2,2,True,True,True,True,True,True,True,True,True,True,True,True
0,15,15,15,178,191,15,15,15,15,15,15,15,190,False,False,False,False,False,False,False,False,False,False,False,False
1,203,0,0,142,203,0,0,0,0,203,203,203,0,False,True,True,False,False,True,True,True,True,False,False,False
2,95,95,167,167,87,95,95,95,167,95,95,95,95,True,True,False,False,False,True,True,True,False,True,True,True
3,203,2,2,244,203,2,2,2,244,203,203,203,260,False,False,False,False,False,False,False,False,False,False,False,False
4,229,96,96,96,82,96,96,96,96,229,229,229,82,False,False,False,False,True,False,False,False,False,False,False,False
5,105,105,151,157,82,157,105,105,105,105,105,105,151,False,False,True,False,False,False,False,False,False,False,False,False
6,4,221,221,4,259,4,221,221,221,4,4,4,259,False,False,False,False,True,False,False,False,False,False,False,False
7,140,30,140,157,42,140,30,30,140,140,140,140,140,True,False,True,False,False,True,False,False,True,True,True,True
8,17,17,17,17,158,17,17,17,158,17,17,17,87,False,False,False,False,False,False,False,False,False,False,False,False
9,2,2,2,228,221,2,2,2,2,2,2,2,221,False,False,False,False,True,False,False,False,False,False,False,False
10,194,206,206,206,23,194,206,206,194,194,194,194,194,True,False,False,False,False,True,False,False,True,True,True,True
11,2,2,53,53,163,2,2,2,53,2,2,2,53,False,False,True,True,False,False,False,False,True,False,False,False
12,46,46,46,46,84,46,46,46,46,46,46,46,46,True,True,True,True,False,True,True,True,True,True,True,True
13,259,259,259,259,259,259,259,259,259,259,259,259,259,True,True,True,True,True,True,True,True,True,True,True,True
14,5,5,52,228,5,5,5,5,52,5,5,5,5,True,True,False,False,True,True,True,True,False,True,True,True
15,184,21,184,86,86,184,89,21,184,184,184,184,89,False,False,False,False,False,False,True,False,False,False,False,False
16,2,2,2,86,185,2,6,2,2,2,2,2,124,False,False,False,False,False,False,False,False,False,False,False,False
17,184,6,6,80,213,184,184,6,6,184,184,184,267,False,False,False,False,False,False,False,False,False,False,False,False
18,253,145,187,228,271,253,253,145,187,253,253,253,145,False,True,False,False,False,False,False,True,False,False,False,False
19,184,6,6,178,6,184,184,6,6,184,184,184,260,False,False,False,False,False,False,False,False,False,False,False,False
20,149,149,195,160,60,149,149,149,195,149,149,149,60,False,False,False,False,True,False,False,False,False,False,False,False
21,140,140,140,140,75,140,140,140,140,140,140,140,168,False,False,False,False,False,False,False,False,False,False,False,False
22,149,149,149,228,200,149,149,149,149,149,149,149,200,False,False,False,False,True,False,False,False,False,False,False,False
23,184,165,184,165,184,184,184,165,184,184,184,184,221,False,False,False,False,False,False,False,False,False,False,False,False
24,6,6,222,222,6,6,6,6,222,6,6,6,57,False,False,False,False,False,False,False,False,False,False,False,False
25,77,77,77,77,35,77,77,77,77,77,77,77,35,False,False,False,False,True,False,False,False,False,False,False,False
26,253,253,253,228,253,253,253,253,253,253,253,253,253,True,True,True,False,True,True,True,True,True,True,True,True
27,206,206,206,206,206,206,206,206,206,206,206,206,206,True,True,True,True,True,True,True,True,True,True,True,True
28,137,6,6,192,23,137,137,6,6,137,137,137,137,True,False,False,False,False,True,True,False,False,True,True,True
29,92,62,92,209,218,209,92,62,92,92,92,92,269,False,False,False,False,False,False,False,False,False,False,False,False
30,248,2,248,246,267,248,248,248,248,248,248,248,248,True,False,True,False,False,True,True,True,True,True,True,True
31,22,22,22,22,175,22,22,22,22,22,22,22,175,False,False,False,False,True,False,False,False,False,False,False,False
32,188,188,188,246,10,188,188,188,188,188,188,188,10,False,False,False,False,True,False,False,False,False,False,False,False
33,140,1,140,1,1,140,140,140,140,140,140,140,45,False,False,False,False,False,False,False,False,False,False,False,False
34,143,143,143,167,143,143,143,143,143,143,143,143,143,True,True,True,False,True,True,True,True,True,True,True,True
35,181,62,62,62,57,181,181,181,62,181,181,181,35,False,False,False,False,False,False,False,False,False,False,False,False
36,17,6,6,17,262,17,17,17,6,17,17,17,215,False,False,False,False,False,False,False,False,False,False,False,False
37,157,157,36,157,268,157,157,157,157,157,157,157,97,False,False,False,False,False,False,False,False,False,False,False,False
38,2,2,28,2,156,2,2,2,28,2,2,2,156,False,False,False,False,True,False,False,False,False,False,False,False
39,53,53,53,53,53,53,53,53,53,53,53,53,185,False,False,False,False,False,False,False,False,False,False,False,False
40,236,236,236,228,228,236,236,236,236,236,236,236,236,True,True,True,False,False,True,True,True,True,True,True,True
41,84,84,84,84,84,84,84,84,84,84,84,84,84,True,True,True,True,True,True,True,True,True,True,True,True
0,192,3,192,192,42,3,3,3,192,192,192,192,192,True,False,True,True,False,False,False,False,True,True,True,True
1,209,72,124,209,77,72,72,72,124,209,209,209,192,False,False,False,False,False,False,False,False,False,False,False,False
2,255,30,255,238,178,30,30,30,255,255,255,255,238,False,False,False,True,False,False,False,False,False,False,False,False
3,80,80,80,80,48,80,80,80,80,80,80,80,80,True,True,True,True,False,True,True,True,True,True,True,True
4,22,1,22,1,22,1,1,1,22,22,22,22,175,False,False,False,False,False,False,False,False,False,False,False,False
5,215,105,191,110,260,110,105,105,191,215,215,215,110,False,False,False,True,False,True,False,False,False,False,False,False
6,231,146,231,182,236,182,146,146,269,231,231,231,182,False,False,False,True,False,True,False,False,False,False,False,False
7,17,2,17,17,89,89,2,2,17,17,17,17,89,False,False,False,False,True,True,False,False,False,False,False,False
8,220,220,220,182,164,182,220,220,220,220,220,220,182,False,False,False,True,False,True,False,False,False,False,False,False
9,124,72,105,72,105,72,72,72,105,124,124,124,124,True,False,False,False,False,False,False,False,False,True,True,True
10,103,30,178,178,178,178,30,30,178,103,103,103,178,False,False,True,True,True,True,False,False,True,False,False,False
11,185,185,185,185,185,48,185,185,185,185,185,185,48,False,False,False,False,False,True,False,False,False,False,False,False
12,1,1,247,1,1,1,1,1,1,1,1,1,1,True,True,False,True,True,True,True,True,True,True,True,True
13,164,164,164,164,164,164,164,164,164,164,164,164,164,True,True,True,True,True,True,True,True,True,True,True,True
14,231,2,231,142,231,142,2,2,231,231,231,231,73,False,False,False,False,False,False,False,False,False,False,False,False
15,24,2,202,119,188,119,24,2,202,24,24,24,119,False,False,False,True,False,True,False,False,False,False,False,False
16,209,12,209,209,62,209,187,12,209,209,209,209,209,True,False,True,True,False,True,False,False,True,True,True,True
17,209,53,145,209,208,209,247,53,145,209,209,209,209,True,False,False,True,False,True,False,False,False,True,True,True
18,238,3,187,238,120,238,187,3,187,238,238,238,238,True,False,False,True,False,True,False,False,False,True,True,True
19,241,1,241,1,241,1,241,1,241,241,241,241,97,False,False,False,False,False,False,False,False,False,False,False,False
20,232,68,158,68,57,68,158,68,158,232,232,232,68,False,True,False,True,False,True,False,True,False,False,False,False
21,209,62,209,209,215,209,215,62,258,209,209,209,209,True,False,True,True,False,True,False,False,False,True,True,True
22,182,2,214,119,123,182,2,2,214,182,182,182,119,False,False,False,True,False,False,False,False,False,False,False,False
23,17,2,247,86,17,86,247,2,247,17,17,17,86,False,False,False,True,False,True,False,False,False,False,False,False
24,221,62,221,178,62,178,221,62,221,221,221,221,178,False,False,False,True,False,True,False,False,False,False,False,False
25,53,53,53,53,164,53,53,53,53,53,53,53,208,False,False,False,False,False,False,False,False,False,False,False,False
26,222,222,164,222,164,222,222,222,164,222,222,222,164,False,False,True,False,True,False,False,False,True,False,False,False
27,247,247,247,247,247,247,247,247,247,247,247,247,247,True,True,True,True,True,True,True,True,True,True,True,True
28,238,67,95,238,119,238,67,67,95,238,238,238,192,False,False,False,False,False,False,False,False,False,False,False,False
29,0,0,242,47,0,47,242,0,242,0,0,0,47,False,False,False,True,False,True,False,False,False,False,False,False
30,92,30,92,120,30,120,107,92,92,92,92,92,120,False,False,False,True,False,True,False,False,False,False,False,False
31,80,53,80,80,182,80,193,149,80,80,80,80,267,False,False,False,False,False,False,False,False,False,False,False,False
32,80,80,80,80,23,80,242,131,80,80,80,80,189,False,False,False,False,False,False,False,False,False,False,False,False
33,140,24,245,245,232,245,24,140,245,140,140,140,245,False,False,True,True,False,True,False,False,True,False,False,False
34,96,96,143,96,143,96,193,143,143,96,96,96,97,False,False,False,False,False,False,False,False,False,False,False,False
35,119,33,247,119,257,119,247,247,247,119,119,119,119,True,False,False,True,False,True,False,False,False,True,True,True
36,238,103,103,238,119,238,103,238,103,238,238,238,238,True,False,False,True,False,True,False,True,False,True,True,True
37,143,72,242,178,72,178,242,143,242,143,143,143,178,False,False,False,True,False,True,False,False,False,False,False,False
38,107,30,222,107,30,107,107,107,222,107,107,107,30,False,True,False,False,True,False,False,False,False,False,False,False
39,120,120,182,182,120,120,182,120,182,120,120,120,182,False,False,True,True,False,False,True,False,True,False,False,False
40,110,110,110,110,110,110,246,110,110,110,110,110,246,False,False,False,False,False,False,True,False,False,False,False,False
41,28,28,28,28,28,28,28,28,28,28,28,28,28,True,True,True,True,True,True,True,True,True,True,True,True
0,159,2,159,157,42,2,2,2,159,159,159,159,159,True,False,True,False,False,False,False,False,True,True,True,True
1,18,18,103,119,86,18,18,18,103,18,18,18,18,True,True,False,False,False,True,True,True,False,True,True,True
2,192,129,242,192,192,129,129,129,242,192,192,192,192,True,False,False,True,True,False,False,False,False,True,True,True
3,215,129,195,246,256,129,129,129,195,215,215,215,256,False,False,False,False,True,False,False,False,False,False,False,False
4,92,195,231,119,268,195,195,195,92,92,92,92,19,False,False,False,False,False,False,False,False,False,False,False,False
5,103,103,229,246,57,103,103,103,229,103,103,103,107,False,False,False,False,False,False,False,False,False,False,False,False
6,146,146,158,246,246,158,146,146,158,146,146,146,146,True,True,False,False,False,False,True,True,False,True,True,True
7,24,24,24,86,220,24,24,24,24,24,24,24,24,True,True,True,False,False,True,True,True,True,True,True,True
8,2,2,53,53,42,2,2,2,53,2,2,2,181,False,False,False,False,False,False,False,False,False,False,False,False
9,224,224,224,224,259,224,224,224,224,224,224,224,224,True,True,True,True,False,True,True,True,True,True,True,True
10,242,156,242,242,185,242,156,156,242,242,242,242,242,True,False,True,True,False,True,False,False,True,True,True,True
11,221,221,221,247,247,247,221,221,221,221,221,221,247,False,False,False,True,True,True,False,False,False,False,False,False
12,164,163,164,0,164,164,163,163,164,164,164,164,164,True,False,True,False,True,True,False,False,True,True,True,True
13,57,57,57,57,57,57,57,57,57,57,57,57,57,True,True,True,True,True,True,True,True,True,True,True,True
14,24,21,24,94,206,24,21,21,188,24,24,24,241,False,False,False,False,False,False,False,False,False,False,False,False
15,255,6,19,110,6,19,255,6,19,255,255,255,19,False,False,True,False,False,True,False,False,True,False,False,False
16,271,26,271,112,199,103,89,26,103,271,271,271,72,False,False,False,False,False,False,False,False,False,False,False,False
17,140,140,140,120,151,195,140,140,140,140,140,140,195,False,False,False,False,False,True,False,False,False,False,False,False
18,5,2,5,77,205,195,5,2,195,5,5,5,195,False,False,False,False,False,True,False,False,True,False,False,False
19,103,33,46,182,42,103,253,33,46,103,103,103,46,False,False,True,False,False,False,False,False,True,False,False,False
20,203,167,203,167,253,203,253,167,203,203,203,203,203,True,False,True,False,False,True,False,False,True,True,True,True
21,92,107,231,107,213,107,92,107,231,92,92,92,213,False,False,False,False,True,False,False,False,False,False,False,False
22,24,21,24,21,205,24,188,21,24,24,24,24,24,True,False,True,False,False,True,False,False,True,True,True,True
23,229,6,229,229,243,243,229,6,229,229,229,229,243,False,False,False,False,True,True,False,False,False,False,False,False
24,103,89,103,89,158,103,89,89,103,103,103,103,103,True,False,True,False,False,True,False,False,True,True,True,True
25,267,267,243,243,243,243,267,267,243,267,267,267,243,False,False,True,True,True,True,False,False,True,False,False,False
26,2,2,2,2,2,2,2,2,2,2,2,2,2,True,True,True,True,True,True,True,True,True,True,True,True
27,259,259,259,259,259,259,259,259,259,259,259,259,259,True,True,True,True,True,True,True,True,True,True,True,True
28,69,0,0,88,94,67,0,0,0,69,69,69,69,True,False,False,False,False,False,False,False,False,True,True,True
29,80,67,67,264,131,67,16,67,67,80,80,80,67,False,True,True,False,False,True,False,True,True,False,False,False
30,209,17,62,209,44,184,62,184,62,209,209,209,209,True,False,False,True,False,False,False,False,False,True,True,True
31,22,1,22,1,132,184,22,184,22,22,22,22,132,False,False,False,False,True,False,False,False,False,False,False,False
32,17,17,129,17,215,241,129,241,129,17,17,17,241,False,False,False,False,False,True,False,True,False,False,False,False
33,17,17,149,120,206,241,149,241,241,17,17,17,241,False,False,False,False,False,True,False,True,True,False,False,False
34,203,52,203,52,158,158,140,158,203,203,203,203,203,True,False,True,False,False,False,False,False,True,True,True,True
35,220,91,259,119,91,107,259,107,259,220,220,220,242,False,False,False,False,False,False,False,False,False,False,False,False
36,1,1,1,1,60,2,1,2,1,1,1,1,82,False,False,False,False,False,False,False,False,False,False,False,False
37,242,242,242,242,262,242,16,242,242,242,242,242,262,False,False,False,False,True,False,False,False,False,False,False,False
38,185,185,185,185,199,185,185,185,185,185,185,185,185,True,True,True,True,False,True,True,True,True,True,True,True
39,184,184,184,184,262,184,184,184,184,184,184,184,184,True,True,True,True,False,True,True,True,True,True,True,True
40,156,156,156,0,156,156,156,156,156,156,156,156,123,False,False,False,False,False,False,False,False,False,False,False,False
41,0,262,0,262,262,262,262,262,0,0,0,0,262,False,True,False,True,True,True,True,True,False,False,False,False
0,0,0,0,110,171,0,0,0,0,0,0,0,171,False,False,False,False,True,False,False,False,False,False,False,False
1,5,5,17,119,211,5,5,5,17,5,5,5,5,True,True,False,False,False,True,True,True,False,True,True,True
2,209,1,105,209,123,1,1,1,105,209,209,209,209,True,False,False,True,False,False,False,False,False,True,True,True
3,203,6,143,182,203,6,6,6,203,203,203,203,124,False,False,False,False,False,False,False,False,False,False,False,False
4,94,94,157,94,86,94,94,94,157,94,94,94,94,True,True,False,True,False,True,True,True,False,True,True,True
5,203,1,203,1,144,1,1,1,203,203,203,203,203,True,False,True,False,False,False,False,False,True,True,True,True
6,143,1,1,1,120,1,1,1,243,143,143,143,120,False,False,False,False,True,False,False,False,False,False,False,False
7,154,6,154,165,6,165,6,6,154,154,154,154,107,False,False,False,False,False,False,False,False,False,False,False,False
8,53,53,198,53,53,53,53,53,198,53,53,53,91,False,False,False,False,False,False,False,False,False,False,False,False
9,17,17,120,120,120,120,17,17,120,17,17,17,232,False,False,False,False,False,False,False,False,False,False,False,False
10,1,1,181,1,243,1,1,1,181,1,1,1,1,True,True,False,True,False,True,True,True,False,True,True,True
11,143,53,53,53,53,53,53,53,53,143,143,143,91,False,False,False,False,False,False,False,False,False,False,False,False
12,198,198,198,0,42,198,198,198,198,198,198,198,198,True,True,True,False,False,True,True,True,True,True,True,True
13,206,206,206,206,206,206,206,206,206,206,206,206,206,True,True,True,True,True,True,True,True,True,True,True,True
14,261,8,188,261,189,261,8,8,188,261,261,261,261,True,False,False,True,False,True,False,False,False,True,True,True
15,238,17,241,238,238,238,238,17,241,238,238,238,238,True,False,False,True,True,True,True,False,False,True,True,True
16,260,47,89,47,72,47,47,47,149,260,260,260,47,False,True,False,True,False,True,True,True,False,False,False,False
17,209,33,222,209,244,209,209,33,222,209,209,209,33,False,True,False,False,False,False,False,True,False,False,False,False
18,95,52,95,52,140,4,95,52,95,95,95,95,176,False,False,False,False,False,False,False,False,False,False,False,False
19,24,6,231,119,24,119,119,6,231,24,24,24,119,False,False,False,True,False,True,True,False,False,False,False,False
20,22,22,181,165,181,165,165,22,181,22,22,22,49,False,False,False,False,False,False,False,False,False,False,False,False
21,24,21,24,21,163,107,107,21,24,24,24,24,24,True,False,True,False,False,False,False,False,True,True,True,True
22,188,167,257,167,10,167,167,167,257,188,188,188,167,False,True,False,True,False,True,True,True,False,False,False,False
23,231,165,188,165,54,165,165,165,188,231,231,231,231,True,False,False,False,False,False,False,False,False,True,True,True
24,57,206,57,206,206,57,57,206,57,57,57,57,42,False,False,False,False,False,False,False,False,False,False,False,False
25,215,215,215,244,215,244,244,215,215,215,215,215,244,False,False,False,True,False,True,True,False,False,False,False,False
26,10,10,10,199,10,10,10,10,10,10,10,10,199,False,False,False,True,False,False,False,False,False,False,False,False
27,6,6,6,6,6,6,6,6,6,6,6,6,6,True,True,True,True,True,True,True,True,True,True,True,True
28,209,18,22,209,146,209,209,18,22,209,209,209,146,False,False,False,False,True,False,False,False,False,False,False,False
29,192,8,22,8,46,192,192,8,22,192,192,192,192,True,False,False,False,False,True,True,False,False,True,True,True
30,24,24,222,157,157,157,157,157,222,24,24,24,153,False,False,False,False,False,False,False,False,False,False,False,False
31,157,52,157,157,10,157,157,157,157,157,157,157,178,False,False,False,False,False,False,False,False,False,False,False,False
32,17,17,28,17,212,17,17,17,28,17,17,17,232,False,False,False,False,False,False,False,False,False,False,False,False
33,142,26,129,142,57,142,142,142,129,142,142,142,142,True,False,False,True,False,True,True,True,False,True,True,True
34,150,150,65,244,236,244,244,244,65,150,150,150,150,True,True,False,False,False,False,False,False,False,True,True,True
35,229,229,229,61,229,61,61,61,229,229,229,229,232,False,False,False,False,False,False,False,False,False,False,False,False
36,18,18,157,157,236,157,157,157,157,18,18,18,157,False,False,True,True,False,True,True,True,True,False,False,False
37,22,22,53,157,157,157,157,157,22,22,22,22,53,False,False,True,False,False,False,False,False,False,False,False,False
38,205,256,205,205,84,205,205,205,205,205,205,205,256,False,True,False,False,False,False,False,False,False,False,False,False
39,157,157,157,157,84,157,157,157,157,157,157,157,157,True,True,True,True,False,True,True,True,True,True,True,True
40,62,62,62,62,62,62,62,62,62,62,62,62,262,False,False,False,False,False,False,False,False,False,False,False,False
41,205,205,205,205,205,205,205,205,205,205,205,205,205,True,True,True,True,True,True,True,True,True,True,True,True
0,102,8,102,8,271,8,8,8,102,102,102,102,102,True,False,True,False,False,False,False,False,True,True,True,True
1,209,21,209,209,209,21,21,21,209,209,209,209,74,False,False,False,False,False,False,False,False,False,False,False,False
2,104,53,165,165,195,53,53,53,4,104,104,104,104,True,False,False,False,False,False,False,False,False,True,True,True
3,238,30,158,238,158,30,30,30,158,238,238,238,238,True,False,False,True,False,False,False,False,False,True,True,True
4,96,1,232,96,247,1,1,1,232,96,96,96,232,False,False,True,False,False,False,False,False,True,False,False,False
5,31,31,231,86,87,86,31,31,231,31,31,31,31,True,True,False,False,False,False,True,True,False,True,True,True
6,215,215,215,178,185,178,215,215,215,215,215,215,178,False,False,False,True,False,True,False,False,False,False,False,False
7,157,2,188,119,119,157,2,2,188,157,157,157,213,False,False,False,False,False,False,False,False,False,False,False,False
8,271,129,120,120,188,120,129,129,120,271,271,271,271,True,False,False,False,False,False,False,False,False,True,True,True
9,94,94,4,94,94,94,94,94,4,94,94,94,94,True,True,False,True,True,True,True,True,False,True,True,True
10,165,53,165,165,53,165,53,53,165,165,165,165,165,True,False,True,True,False,True,False,False,True,True,True,True
11,158,165,158,165,123,165,165,165,158,158,158,158,123,False,False,False,False,True,False,False,False,False,False,False,False
12,1,1,1,1,247,1,1,1,247,1,1,1,1,True,True,True,True,False,True,True,True,False,True,True,True
13,86,86,86,86,86,86,86,86,86,86,86,86,86,True,True,True,True,True,True,True,True,True,True,True,True
14,95,30,65,264,65,264,30,30,215,95,95,95,264,False,False,False,True,False,True,False,False,False,False,False,False
15,146,33,182,182,62,120,236,33,182,146,146,146,33,False,True,False,False,False,False,False,True,False,False,False,False
16,67,21,67,178,67,178,236,21,21,67,67,67,146,False,False,False,False,False,False,False,False,False,False,False,False
17,149,2,149,165,165,165,60,2,149,149,149,149,165,False,False,False,True,True,True,False,False,False,False,False,False
18,234,52,92,94,92,157,57,52,92,234,234,234,234,True,False,False,False,False,False,False,False,False,True,True,True
19,220,105,188,110,259,110,220,105,188,220,220,220,110,False,False,False,True,False,True,False,False,False,False,False,False
20,184,72,184,182,72,182,182,72,184,184,184,184,271,False,False,False,False,False,False,False,False,False,False,False,False
21,22,22,214,165,211,165,165,22,214,22,22,22,214,False,False,True,False,False,False,False,False,True,False,False,False
22,215,30,244,244,25,244,215,30,244,215,215,215,232,False,False,False,False,False,False,False,False,False,False,False,False
23,120,120,182,182,35,120,236,120,182,120,120,120,120,True,True,False,False,False,True,False,True,False,True,True,True
24,271,271,271,86,232,86,86,271,271,271,271,271,271,True,True,True,False,False,False,False,True,True,True,True,True
25,2,2,2,2,262,2,60,2,2,2,2,2,60,False,False,False,False,False,False,True,False,False,False,False,False
26,157,157,157,157,157,157,57,157,57,157,157,157,157,True,True,True,True,True,True,False,True,False,True,True,True
27,214,214,214,214,214,214,214,214,214,214,214,214,214,True,True,True,True,True,True,True,True,True,True,True,True
28,15,15,231,238,257,238,260,15,231,15,15,15,238,False,False,False,True,False,True,False,False,False,False,False,False
29,203,6,203,120,6,120,215,6,203,203,203,203,226,False,False,False,False,False,False,False,False,False,False,False,False
30,220,2,242,246,215,246,220,231,242,220,220,220,231,False,False,False,False,False,False,False,True,False,False,False,False
31,22,22,22,142,32,142,236,22,22,22,22,22,142,False,False,False,True,False,True,False,False,False,False,False,False
32,157,72,28,157,42,157,161,28,157,157,157,157,42,False,False,False,False,True,False,False,False,False,False,False,False
33,260,6,6,182,33,182,156,6,6,260,260,260,33,False,False,False,False,True,False,False,False,False,False,False,False
34,92,1,92,1,262,1,1,92,92,92,92,92,91,False,False,False,False,False,False,False,False,False,False,False,False
35,203,103,203,238,56,238,60,203,103,203,203,203,238,False,False,False,True,False,True,False,False,False,False,False,False
36,231,167,243,167,205,167,194,167,231,231,231,231,167,False,True,False,True,False,True,False,True,False,False,False,False
37,203,6,187,187,187,6,6,6,187,203,203,203,203,True,False,False,False,False,False,False,False,False,True,True,True
38,215,2,242,246,242,246,215,246,242,215,215,215,246,False,False,False,True,False,True,False,True,False,False,False,False
39,182,30,182,182,30,182,30,182,182,182,182,182,182,True,False,True,True,False,True,False,True,True,True,True,True
40,161,206,161,206,206,161,161,206,161,161,161,161,206,False,True,False,True,True,False,False,True,False,False,False,False
41,182,182,182,182,182,182,182,182,182,182,182,182,182,True,True,True,True,True,True,True,True,True,True,True,True
0,238,2,238,238,2,2,2,2,238,238,238,238,238,True,False,True,True,False,False,False,False,True,True,True,True
1,5,5,247,245,5,5,5,5,247,5,5,5,245,False,False,False,True,False,False,False,False,False,False,False,False
2,94,2,94,94,25,2,2,2,94,94,94,94,94,True,False,True,True,False,False,False,False,True,True,True,True
3,140,52,140,246,246,52,52,52,140,140,140,140,231,False,False,False,False,False,False,False,False,False,False,False,False
4,142,142,214,142,20,142,142,142,214,142,142,142,142,True,True,False,True,False,True,True,True,False,True,True,True
5,17,17,72,228,185,228,17,17,72,17,17,17,231,False,False,False,False,False,False,False,False,False,False,False,False
6,156,1,232,1,268,1,1,1,259,156,156,156,232,False,False,True,False,False,False,False,False,False,False,False,False
7,2,2,53,244,199,244,2,2,53,2,2,2,53,False,False,True,False,False,False,False,False,True,False,False,False
8,140,2,140,53,129,140,2,2,140,140,140,140,53,False,False,False,True,False,False,False,False,False,False,False,False
9,182,247,247,182,224,182,247,247,182,182,182,182,224,False,False,False,False,True,False,False,False,False,False,False,False
10,2,2,2,246,2,246,2,2,2,2,2,2,262,False,False,False,False,False,False,False,False,False,False,False,False
11,215,215,28,28,215,215,215,215,28,215,215,215,54,False,False,False,False,False,False,False,False,False,False,False,False
12,165,165,57,165,165,165,165,165,57,165,165,165,165,True,True,False,True,True,True,True,True,False,True,True,True
13,228,228,228,228,228,228,228,228,228,228,228,228,228,True,True,True,True,True,True,True,True,True,True,True,True
14,220,52,52,239,258,142,52,52,52,220,220,220,239,False,False,False,True,False,False,False,False,False,False,False,False
15,245,6,245,245,247,245,177,6,177,245,245,245,245,True,False,True,True,False,True,False,False,False,True,True,True
16,209,22,209,209,23,209,241,22,209,209,209,209,146,False,False,False,False,False,False,False,False,False,False,False,False
17,103,2,86,86,35,86,103,2,191,103,103,103,191,False,False,False,False,False,False,False,False,True,False,False,False
18,31,31,187,228,257,228,187,31,187,31,31,31,265,False,False,False,False,False,False,False,False,False,False,False,False
19,203,12,203,142,119,142,119,12,203,203,203,203,142,False,False,False,True,False,True,False,False,False,False,False,False
20,22,2,72,119,229,119,72,2,22,22,22,22,119,False,False,False,True,False,True,False,False,False,False,False,False
21,271,146,271,146,164,146,271,146,271,271,271,271,146,False,True,False,True,False,True,False,True,False,False,False,False
22,220,220,220,4,258,4,4,220,220,220,220,220,258,False,False,False,False,True,False,False,False,False,False,False,False
23,92,247,92,86,92,86,247,247,92,92,92,92,86,False,False,False,True,False,True,False,False,False,False,False,False
24,247,247,247,257,208,257,247,247,247,247,247,247,257,False,False,False,True,False,True,False,False,False,False,False,False
25,247,2,247,2,236,2,247,2,247,247,247,247,236,False,False,False,False,True,False,False,False,False,False,False,False
26,257,257,257,228,257,228,257,257,257,257,257,257,257,True,True,True,False,True,False,True,True,True,True,True,True
27,199,199,199,199,199,199,199,199,199,199,199,199,199,True,True,True,True,True,True,True,True,True,True,True,True
28,238,17,140,238,140,238,24,17,140,238,238,238,238,True,False,False,True,False,True,False,False,False,True,True,True
29,92,52,195,165,106,165,195,52,205,92,92,92,224,False,False,False,False,False,False,False,False,False,False,False,False
30,260,52,129,119,208,119,158,158,129,260,260,260,119,False,False,False,True,False,True,False,False,False,False,False,False
31,24,6,92,182,156,182,24,24,92,24,24,24,234,False,False,False,False,False,False,False,False,False,False,False,False
32,69,1,96,96,24,96,24,24,96,69,69,69,146,False,False,False,False,False,False,False,False,False,False,False,False
33,184,30,185,178,178,178,184,184,185,184,184,184,33,False,False,False,False,False,False,False,False,False,False,False,False
34,222,12,222,12,222,12,129,129,222,222,222,222,222,True,False,True,False,True,False,False,False,True,True,True,True
35,242,165,46,165,242,165,242,242,165,242,242,242,46,False,False,True,False,False,False,False,False,False,False,False,False
36,22,22,22,186,208,186,22,22,22,22,22,22,186,False,False,False,True,False,True,False,False,False,False,False,False
37,92,165,92,165,92,165,92,92,165,92,92,92,196,False,False,False,False,False,False,False,False,False,False,False,False
38,158,91,129,91,208,91,158,158,129,158,158,158,91,False,True,False,True,False,True,False,False,False,False,False,False
39,242,242,242,206,242,242,242,242,242,242,242,242,206,False,False,False,True,False,False,False,False,False,False,False,False
40,1,1,53,1,53,1,1,1,1,1,1,1,1,True,True,False,True,False,True,True,True,True,True,True,True
41,30,30,30,30,30,30,30,30,30,30,30,30,30,True,True,True,True,True,True,True,True,True,True,True,True
0,94,6,94,94,161,6,6,6,94,94,94,94,94,True,False,True,True,False,False,False,False,True,True,True,True
1,203,26,238,238,35,26,26,26,238,203,203,203,26,False,True,False,False,False,True,True,True,False,False,False,False
2,5,5,5,80,169,5,5,5,5,5,5,5,5,True,True,True,False,False,True,True,True,True,True,True,True
3,157,2,247,157,2,2,2,2,247,157,157,157,265,False,False,False,False,False,False,False,False,False,False,False,False
4,18,6,18,244,16,6,6,6,67,18,18,18,67,False,False,False,False,False,False,False,False,True,False,False,False
5,184,67,154,246,184,154,67,67,154,184,184,184,67,False,True,False,False,False,False,True,True,False,False,False,False
6,182,30,247,182,253,253,30,30,247,182,182,182,132,False,False,False,False,False,False,False,False,False,False,False,False
7,184,184,184,184,195,229,184,184,184,184,184,184,195,False,False,False,False,True,False,False,False,False,False,False,False
8,157,6,164,157,129,129,6,6,164,157,157,157,6,False,True,False,False,False,False,True,True,False,False,False,False
9,203,62,203,62,35,92,62,62,203,203,203,203,20,False,False,False,False,False,False,False,False,False,False,False,False
10,214,244,243,244,244,214,244,244,243,214,214,214,243,False,False,True,False,False,False,False,False,True,False,False,False
11,247,247,247,205,181,247,247,247,247,247,247,247,181,False,False,False,False,True,False,False,False,False,False,False,False
12,163,163,163,0,163,163,163,163,163,163,163,163,23,False,False,False,False,False,False,False,False,False,False,False,False
13,154,154,154,154,154,154,154,154,154,154,154,154,154,True,True,True,True,True,True,True,True,True,True,True,True
14,261,6,67,261,30,6,6,6,67,261,261,261,261,True,False,False,True,False,False,False,False,False,True,True,True
15,192,24,192,192,192,92,92,24,192,192,192,192,192,True,False,True,True,True,False,False,False,True,True,True,True
16,238,17,95,238,17,95,95,17,95,238,238,238,93,False,False,False,False,False,False,False,False,False,False,False,False
17,142,142,253,142,57,253,253,142,253,142,142,142,142,True,True,False,True,False,False,False,True,False,True,True,True
18,94,94,259,94,29,259,259,94,259,94,94,94,94,True,True,False,True,False,False,False,True,False,True,True,True
19,156,52,259,86,86,259,259,52,259,156,156,156,72,False,False,False,False,False,False,False,False,False,False,False,False
20,1,1,158,119,267,1,1,1,158,1,1,1,119,False,False,False,True,False,False,False,False,False,False,False,False
21,234,30,195,228,234,92,92,30,195,234,234,234,234,True,False,False,False,True,False,False,False,False,True,True,True
22,203,30,156,203,30,259,259,30,156,203,203,203,203,True,False,False,True,False,False,False,False,False,True,True,True
23,24,24,24,165,247,92,92,24,24,24,24,24,24,True,True,True,False,False,False,False,True,True,True,True,True
24,24,17,17,17,262,253,253,17,17,24,24,24,24,True,False,False,False,False,False,False,False,False,True,True,True
25,28,28,28,28,161,28,28,28,28,28,28,28,28,True,True,True,True,False,True,True,True,True,True,True,True
26,184,184,184,184,184,184,184,184,184,184,184,184,184,True,True,True,True,True,True,True,True,True,True,True,True
27,259,259,259,259,259,259,259,259,259,259,259,259,259,True,True,True,True,True,True,True,True,True,True,True,True
28,209,31,188,209,127,188,188,31,188,209,209,209,209,True,False,False,True,False,False,False,False,False,True,True,True
29,0,0,232,110,228,0,0,0,0,0,0,0,105,False,False,False,False,False,False,False,False,False,False,False,False
30,203,17,90,246,220,203,203,90,90,203,203,203,90,False,False,True,False,False,False,False,True,True,False,False,False
31,231,89,89,231,185,89,89,89,89,231,231,231,87,False,False,False,False,False,False,False,False,False,False,False,False
32,142,30,247,142,142,142,142,247,247,142,142,142,142,True,False,False,True,True,True,True,False,False,True,True,True
33,18,18,120,120,62,62,62,62,120,18,18,18,153,False,False,False,False,False,False,False,False,False,False,False,False
34,271,1,1,1,271,253,253,253,1,271,271,271,103,False,False,False,False,False,False,False,False,False,False,False,False
35,234,53,234,53,53,234,234,234,234,234,234,234,242,False,False,False,False,False,False,False,False,False,False,False,False
36,215,77,243,228,23,46,46,215,243,215,215,215,243,False,False,True,False,False,False,False,False,True,False,False,False
37,232,222,232,228,232,259,259,259,232,232,232,232,232,True,False,True,False,True,False,False,False,True,True,True,True
38,17,17,17,17,257,17,17,17,17,17,17,17,103,False,False,False,False,False,False,False,False,False,False,False,False
39,231,231,231,231,231,185,185,185,231,231,231,231,202,False,False,False,False,False,False,False,False,False,False,False,False
40,247,247,247,228,247,247,247,247,247,247,247,247,247,True,True,True,False,True,True,True,True,True,True,True,True
41,205,205,205,205,205,205,205,205,205,205,205,205,205,True,True,True,True,True,True,True,True,True,True,True,True
0,203,1,203,1,269,1,1,1,203,203,203,203,147,False,False,False,False,False,False,False,False,False,False,False,False
1,255,2,221,120,123,2,2,2,221,255,255,255,146,False,False,False,False,False,False,False,False,False,False,False,False
2,143,142,143,142,246,142,142,142,143,143,143,143,176,False,False,False,False,False,False,False,False,False,False,False,False
3,271,107,124,120,100,107,107,107,124,271,271,271,271,True,False,False,False,False,False,False,False,False,True,True,True
4,140,30,140,110,109,30,30,30,140,140,140,140,232,False,False,False,False,False,False,False,False,False,False,False,False
5,220,2,149,165,134,220,2,2,149,220,220,220,231,False,False,False,False,False,False,False,False,False,False,False,False
6,69,69,69,110,56,110,69,69,129,69,69,69,69,True,True,True,False,False,False,True,True,False,True,True,True
7,158,6,6,244,208,267,6,6,158,158,158,158,191,False,False,False,False,False,False,False,False,False,False,False,False
8,203,12,203,12,12,97,12,12,203,203,203,203,203,True,False,True,False,False,False,False,False,True,True,True,True
9,188,91,188,120,120,163,91,91,188,188,188,188,91,False,True,False,False,False,False,True,True,False,False,False,False
10,163,163,163,0,208,208,163,163,163,163,163,163,42,False,False,False,False,False,False,False,False,False,False,False,False
11,205,205,205,205,243,205,205,205,205,205,205,205,205,True,True,True,True,False,True,True,True,True,True,True,True
12,30,30,30,109,109,30,30,30,30,30,30,30,30,True,True,True,False,False,True,True,True,True,True,True,True
13,2,2,2,2,2,2,2,2,2,2,2,2,2,True,True,True,True,True,True,True,True,True,True,True,True
14,17,17,105,47,4,270,17,17,105,17,17,17,47,False,False,False,True,False,False,False,False,False,False,False,False
15,124,124,158,120,28,124,49,124,158,124,124,124,49,False,False,False,False,False,False,True,False,False,False,False,False
16,140,53,86,86,187,202,4,53,86,140,140,140,97,False,False,False,False,False,False,False,False,False,False,False,False
17,192,12,229,192,46,220,191,12,229,192,192,192,46,False,False,False,False,True,False,False,False,False,False,False,False
18,103,1,103,1,30,156,224,1,103,103,103,103,115,False,False,False,False,False,False,False,False,False,False,False,False
19,95,95,95,119,20,178,205,95,95,95,95,95,95,True,True,True,False,False,False,False,True,True,True,True,True
20,143,143,191,244,229,267,191,143,191,143,143,143,46,False,False,False,False,False,False,False,False,False,False,False,False
21,140,22,140,22,188,164,191,22,140,140,140,140,191,False,False,False,False,False,False,True,False,False,False,False,False
22,17,17,17,17,17,194,17,17,17,17,17,17,77,False,False,False,False,False,False,False,False,False,False,False,False
23,120,120,120,120,173,97,120,120,120,120,120,120,97,False,False,False,False,False,True,False,False,False,False,False,False
24,140,140,4,140,4,194,4,140,4,140,140,140,4,False,False,True,False,True,False,True,False,True,False,False,False
25,191,145,165,165,191,165,191,145,165,191,191,191,191,True,False,False,False,True,False,True,False,False,True,True,True
26,224,30,224,224,30,30,224,30,224,224,224,224,224,True,False,True,True,False,False,True,False,True,True,True,True
27,205,205,205,205,205,205,205,205,205,205,205,205,205,True,True,True,True,True,True,True,True,True,True,True,True
28,261,52,92,261,244,215,226,52,92,261,261,261,261,True,False,False,True,False,False,False,False,False,True,True,True
29,174,6,131,209,241,131,174,6,131,174,174,174,174,True,False,False,False,False,False,True,False,False,True,True,True
30,209,18,18,209,96,60,18,196,196,209,209,209,18,False,True,True,False,False,False,True,False,False,False,False,False
31,107,107,149,182,243,124,222,149,149,107,107,107,56,False,False,False,False,False,False,False,False,False,False,False,False
32,248,248,248,248,248,57,271,248,248,248,248,248,271,False,False,False,False,False,False,True,False,False,False,False,False
33,92,2,2,182,92,57,191,92,92,92,92,92,56,False,False,False,False,False,False,False,False,False,False,False,False
34,92,21,46,21,21,10,46,92,46,92,92,92,214,False,False,False,False,False,False,False,False,False,False,False,False
35,140,2,140,140,2,156,46,140,140,140,140,140,213,False,False,False,False,False,False,False,False,False,False,False,False
36,215,91,215,244,244,215,214,229,214,215,215,215,244,False,False,False,True,True,False,False,False,False,False,False,False
37,271,271,271,4,4,57,271,4,271,271,271,271,271,True,True,True,False,False,False,True,False,True,True,True,True
38,178,46,178,246,178,178,46,178,178,178,178,178,46,False,True,False,False,False,False,True,False,False,False,False,False
39,149,149,149,182,149,182,149,149,149,149,149,149,182,False,False,False,True,False,True,False,False,False,False,False,False
40,4,4,4,4,206,4,4,4,4,4,4,4,4,True,True,True,True,False,True,True,True,True,True,True,True
41,258,258,258,258,258,258,258,258,258,258,258,258,258,True,True,True,True,True,True,True,True,True,True,True,True
0,223,21,223,110,103,21,21,21,223,223,223,223,223,True,False,True,False,False,False,False,False,True,True,True,True
1,255,1,255,1,10,1,1,1,195,255,255,255,174,False,False,False,False,False,False,False,False,False,False,False,False
2,209,2,122,209,57,2,2,2,122,209,209,209,234,False,False,False,False,False,False,False,False,False,False,False,False
3,22,17,22,182,22,17,17,17,22,22,22,22,56,False,False,False,False,False,False,False,False,False,False,False,False
4,140,140,184,119,140,140,140,140,184,140,140,140,140,True,True,False,False,True,True,True,True,False,True,True,True
5,242,62,62,182,105,62,62,62,242,242,242,242,132,False,False,False,False,False,False,False,False,False,False,False,False
6,157,6,231,119,157,6,6,6,157,157,157,157,231,False,False,True,False,False,False,False,False,False,False,False,False
7,220,220,259,246,206,259,220,220,259,220,220,220,214,False,False,False,False,False,False,False,False,False,False,False,False
8,191,46,60,46,191,191,46,46,60,191,191,191,46,False,True,False,True,False,False,True,True,False,False,False,False
9,157,1,157,1,35,157,1,1,157,157,157,157,1,False,True,False,True,False,False,True,True,False,False,False,False
10,182,2,2,182,228,122,2,2,2,182,182,182,122,False,False,False,False,False,True,False,False,False,False,False,False
11,182,182,181,182,161,182,182,182,181,182,182,182,181,False,False,True,False,False,False,False,False,True,False,False,False
12,120,120,120,120,120,120,120,120,120,120,120,120,206,False,False,False,False,False,False,False,False,False,False,False,False
13,228,228,228,228,228,228,228,228,228,228,228,228,228,True,True,True,True,True,True,True,True,True,True,True,True
14,96,6,193,96,198,6,6,6,96,96,96,96,121,False,False,False,False,False,False,False,False,False,False,False,False
15,203,74,165,165,247,92,92,74,165,203,203,203,203,True,False,False,False,False,False,False,False,False,True,True,True
16,4,1,52,1,52,229,229,1,52,4,4,4,73,False,False,False,False,False,False,False,False,False,False,False,False
17,92,21,92,246,92,92,92,21,92,92,92,92,46,False,False,False,False,False,False,False,False,False,False,False,False
18,220,53,220,178,243,62,62,53,220,220,220,220,220,True,False,True,False,False,False,False,False,True,True,True,True
19,17,17,120,120,97,17,17,17,120,17,17,17,97,False,False,False,False,True,False,False,False,False,False,False,False
20,17,17,103,17,247,143,143,17,103,17,17,17,97,False,False,False,False,False,False,False,False,False,False,False,False
21,182,6,6,182,205,6,6,6,6,182,182,182,46,False,False,False,False,False,False,False,False,False,False,False,False
22,232,6,158,6,6,6,6,6,158,232,232,232,232,True,False,False,False,False,False,False,False,False,True,True,True
23,221,221,243,243,243,221,221,221,243,221,221,221,236,False,False,False,False,False,False,False,False,False,False,False,False
24,4,1,1,1,1,6,6,1,1,4,4,4,4,True,False,False,False,False,False,False,False,False,True,True,True
25,198,198,198,0,163,198,198,198,198,198,198,198,198,True,True,True,False,False,True,True,True,True,True,True,True
26,53,53,53,244,244,53,53,53,53,53,53,53,53,True,True,True,False,False,True,True,True,True,True,True,True
27,161,161,161,161,161,161,161,161,161,161,161,161,161,True,True,True,True,True,True,True,True,True,True,True,True
28,127,67,190,142,208,190,190,67,190,127,127,127,127,True,False,False,False,False,False,False,False,False,True,True,True
29,95,72,95,157,158,95,95,72,95,95,95,95,54,False,False,False,False,False,False,False,False,False,False,False,False
30,142,2,49,142,257,142,142,2,49,142,142,142,97,False,False,False,False,False,False,False,False,False,False,False,False
31,31,31,89,167,181,89,89,67,89,31,31,31,31,True,True,False,False,False,False,False,False,False,True,True,True
32,209,89,191,209,220,154,154,107,191,209,209,209,260,False,False,False,False,False,False,False,False,False,False,False,False
33,157,72,143,157,72,143,143,242,143,157,157,157,46,False,False,False,False,False,False,False,False,False,False,False,False
34,140,140,140,140,75,140,140,140,140,140,140,140,220,False,False,False,False,False,False,False,False,False,False,False,False
35,22,22,22,182,42,22,22,195,22,22,22,22,161,False,False,False,False,False,False,False,False,False,False,False,False
36,140,140,140,246,246,140,140,242,140,140,140,140,97,False,False,False,False,False,False,False,False,False,False,False,False
37,157,157,157,157,158,157,157,158,158,157,157,157,214,False,False,False,False,False,False,False,False,False,False,False,False
38,2,2,205,110,110,2,110,2,205,2,2,2,257,False,False,False,False,False,False,False,False,False,False,False,False
39,181,62,62,62,62,62,62,181,181,181,181,181,163,False,False,False,False,False,False,False,False,False,False,False,False
40,191,191,191,244,244,191,191,244,191,191,191,191,191,True,True,True,False,False,True,True,False,True,True,True,True
41,157,157,157,157,157,157,157,157,157,157,157,157,157,True,True,True,True,True,True,True,True,True,True,True,True
0,67,67,67,244,222,67,67,67,67,67,67,67,211,False,False,False,False,False,False,False,False,False,False,False,False
1,209,8,124,8,62,8,8,8,124,209,209,209,8,False,True,False,True,False,True,True,True,False,False,False,False
2,203,89,238,238,203,89,89,89,238,203,203,203,238,False,False,True,True,False,False,False,False,True,False,False,False
3,203,2,158,80,188,2,2,2,158,203,203,203,220,False,False,False,False,False,False,False,False,False,False,False,False
4,143,67,143,178,199,67,67,67,143,143,143,143,178,False,False,False,True,False,False,False,False,False,False,False,False
5,140,140,167,167,207,20,140,140,167,140,140,140,198,False,False,False,False,False,False,False,False,False,False,False,False
6,95,24,95,228,122,24,24,24,24,95,95,95,260,False,False,False,False,False,False,False,False,False,False,False,False
7,24,1,56,1,24,24,1,1,56,24,24,24,1,False,True,False,True,False,False,True,True,False,False,False,False
8,260,149,260,149,185,149,149,149,260,260,260,260,260,True,False,True,False,False,False,False,False,True,True,True,True
9,156,30,72,72,23,72,30,30,72,156,156,156,30,False,True,False,False,False,False,True,True,False,False,False,False
10,247,247,247,247,212,247,247,247,247,247,247,247,198,False,False,False,False,False,False,False,False,False,False,False,False
11,203,2,2,203,203,2,2,2,2,203,203,203,203,True,False,False,True,True,False,False,False,False,True,True,True
12,242,242,242,242,164,242,242,242,242,242,242,242,164,False,False,False,False,True,False,False,False,False,False,False,False
13,57,57,57,57,57,57,57,57,57,57,57,57,57,True,True,True,True,True,True,True,True,True,True,True,True
14,18,18,18,245,28,195,18,18,18,18,18,18,245,False,False,False,True,False,False,False,False,False,False,False,False
15,238,17,131,238,148,107,17,17,238,238,238,238,238,True,False,False,True,False,False,False,False,True,True,True,True
16,17,1,1,1,49,242,17,1,1,17,17,17,1,False,True,True,True,False,False,False,True,True,False,False,False
17,124,68,224,68,244,247,224,68,224,124,124,124,68,False,True,False,True,False,False,False,True,False,False,False,False
18,93,1,124,1,151,93,222,1,124,93,93,93,124,False,False,True,False,False,False,False,False,True,False,False,False
19,107,72,107,167,227,107,77,72,77,107,107,107,227,False,False,False,False,True,False,False,False,False,False,False,False
20,184,72,184,86,86,184,268,72,184,184,184,184,86,False,False,False,True,True,False,False,False,False,False,False,False
21,238,53,184,238,238,184,231,53,184,238,238,238,238,True,False,False,True,True,False,False,False,False,True,True,True
22,157,124,271,182,236,271,271,124,271,157,157,157,124,False,True,False,False,False,False,False,True,False,False,False,False
23,107,107,107,107,195,107,205,107,107,107,107,107,10,False,False,False,False,False,False,False,False,False,False,False,False
24,242,30,86,86,242,242,242,30,86,242,242,242,60,False,False,False,False,False,False,False,False,False,False,False,False
25,124,124,124,0,218,124,124,124,124,124,124,124,124,True,True,True,False,False,True,True,True,True,True,True,True
26,221,221,221,0,23,221,221,221,221,221,221,221,221,True,True,True,False,False,True,True,True,True,True,True,True
27,161,161,161,161,161,161,161,161,161,161,161,161,161,True,True,True,True,True,True,True,True,True,True,True,True
28,24,24,143,94,246,24,205,24,143,24,24,24,94,False,False,False,True,False,False,False,False,False,False,False,False
29,50,50,50,86,50,50,231,50,50,50,50,50,189,False,False,False,False,False,False,False,False,False,False,False,False
30,24,24,260,107,260,24,224,24,260,24,24,24,211,False,False,False,False,False,False,False,False,False,False,False,False
31,131,1,188,94,131,195,231,195,188,131,131,131,131,True,False,False,False,True,False,False,False,False,True,True,True
32,71,1,71,1,153,243,205,243,71,71,71,71,110,False,False,False,False,False,False,False,False,False,False,False,False
33,184,105,149,184,184,184,268,184,184,184,184,184,124,False,False,False,False,False,False,False,False,False,False,False,False
34,120,52,120,120,176,158,120,158,120,120,120,120,176,False,False,False,False,True,False,False,False,False,False,False,False
35,242,149,149,110,267,242,222,242,110,242,242,242,110,False,False,False,True,False,False,False,False,True,False,False,False
36,205,28,205,205,205,196,205,196,205,205,205,205,196,False,False,False,False,False,True,False,True,False,False,False,False
37,67,67,67,67,67,67,67,67,67,67,67,67,198,False,False,False,False,False,False,False,False,False,False,False,False
38,107,107,107,107,60,107,107,107,107,107,107,107,194,False,False,False,False,False,False,False,False,False,False,False,False
39,1,1,247,1,247,247,91,247,247,1,1,1,1,True,True,False,True,False,False,False,False,False,True,True,True
40,149,149,149,149,149,149,149,149,149,149,149,149,185,False,False,False,False,False,False,False,False,False,False,False,False
41,149,149,149,149,149,149,149,149,149,149,149,149,149,True,True,True,True,True,True,True,True,True,True,True,True
0,209,22,209,209,93,22,22,22,209,209,209,209,93,False,False,False,False,True,False,False,False,False,False,False,False
1,92,52,103,182,92,52,52,52,103,92,92,92,97,False,False,False,False,False,False,False,False,False,False,False,False
2,203,68,96,96,96,68,68,68,96,203,203,203,95,False,False,False,False,False,False,False,False,False,False,False,False
3,231,30,231,228,231,30,30,30,231,231,231,231,231,True,False,True,False,True,False,False,False,True,True,True,True
4,80,77,80,80,193,77,77,77,80,80,80,80,46,False,False,False,False,False,False,False,False,False,False,False,False
5,241,72,241,246,163,214,72,72,241,241,241,241,241,True,False,True,False,False,False,False,False,True,True,True,True
6,229,221,221,228,221,224,221,221,221,229,229,229,97,False,False,False,False,False,False,False,False,False,False,False,False
7,80,52,52,80,205,232,52,52,52,80,80,80,197,False,False,False,False,False,False,False,False,False,False,False,False
8,195,195,195,182,195,222,195,195,195,195,195,195,195,True,True,True,False,True,False,True,True,True,True,True,True
9,149,149,149,182,149,206,149,149,149,149,149,149,182,False,False,False,True,False,False,False,False,False,False,False,False
10,271,68,68,68,271,271,68,68,68,271,271,271,271,True,False,False,False,True,True,False,False,False,True,True,True
11,30,30,228,228,35,228,30,30,228,30,30,30,228,False,False,True,True,False,True,False,False,True,False,False,False
12,222,77,222,77,77,222,77,77,222,222,222,222,77,False,True,False,True,True,False,True,True,False,False,False,False
13,165,165,165,165,165,165,165,165,165,165,165,165,165,True,True,True,True,True,True,True,True,True,True,True,True
14,190,24,24,142,164,191,24,24,24,190,190,190,130,False,False,False,False,False,False,False,False,False,False,False,False
15,95,17,17,244,95,17,67,17,17,95,95,95,95,True,False,False,False,True,False,False,False,False,True,True,True
16,55,0,158,239,80,4,158,0,158,55,55,55,0,False,True,False,False,False,False,False,True,False,False,False,False
17,188,52,188,244,132,271,242,52,188,188,188,188,271,False,False,False,False,False,True,False,False,False,False,False,False
18,140,17,17,17,46,17,140,17,140,140,140,140,46,False,False,False,False,True,False,False,False,False,False,False,False
19,89,47,146,209,57,146,52,47,146,89,89,89,146,False,False,True,False,False,True,False,False,True,False,False,False
20,149,149,149,238,165,238,238,149,149,149,149,149,238,False,False,False,True,False,True,True,False,False,False,False,False
21,149,80,149,80,243,231,243,80,149,149,149,149,231,False,False,False,False,False,True,False,False,False,False,False,False
22,149,91,91,142,142,91,149,91,149,149,149,149,142,False,False,False,True,True,False,False,False,False,False,False,False
23,17,17,17,244,17,17,49,17,17,17,17,17,49,False,False,False,False,False,False,True,False,False,False,False,False
24,149,149,149,165,165,206,149,149,149,149,149,149,206,False,False,False,False,False,True,False,False,False,False,False,False
25,244,101,243,244,101,101,243,101,243,244,244,244,101,False,True,False,False,True,True,False,True,False,False,False,False
26,17,17,17,17,17,17,17,17,17,17,17,17,17,True,True,True,True,True,True,True,True,True,True,True,True
27,57,57,57,57,57,57,57,57,57,57,57,57,57,True,True,True,True,True,True,True,True,True,True,True,True
28,140,77,140,142,142,150,195,77,140,140,140,140,150,False,False,False,False,False,True,False,False,False,False,False,False
29,103,62,103,246,267,234,103,62,103,103,103,103,234,False,False,False,False,False,True,False,False,False,False,False,False
30,93,17,17,94,94,17,93,93,17,93,93,93,87,False,False,False,False,False,False,False,False,False,False,False,False
31,149,30,149,246,236,46,247,149,149,149,149,149,170,False,False,False,False,False,False,False,False,False,False,False,False
32,17,17,17,167,49,17,49,17,167,17,17,17,46,False,False,False,False,False,False,False,False,False,False,False,False
33,140,17,140,178,188,17,243,140,140,140,140,140,140,True,False,True,False,False,False,False,True,True,True,True,True
34,226,142,142,142,231,226,243,226,243,226,226,226,226,True,False,False,False,False,True,False,True,False,True,True,True
35,92,6,178,178,6,205,242,92,178,92,92,92,253,False,False,False,False,False,False,False,False,False,False,False,False
36,140,77,140,186,140,77,195,140,140,140,140,140,140,True,False,True,False,True,False,False,True,True,True,True,True
37,271,62,62,246,246,271,271,271,62,271,271,271,271,True,False,False,False,False,True,True,True,False,True,True,True
38,17,17,17,96,17,17,96,129,17,17,17,17,204,False,False,False,False,False,False,False,False,False,False,False,False
39,246,30,246,246,30,246,246,246,246,246,246,246,249,False,False,False,False,False,False,False,False,False,False,False,False
40,17,17,17,228,228,17,17,17,17,17,17,17,17,True,True,True,False,False,True,True,True,True,True,True,True
41,17,17,17,17,17,17,17,17,17,17,17,17,17,True,True,True,True,True,True,True,True,True,True,True,True
0,231,2,231,120,231,2,2,2,231,231,231,231,256,False,False,False,False,False,False,False,False,False,False,False,False
1,209,146,195,209,146,146,146,146,195,209,209,209,146,False,True,False,False,True,True,True,True,False,False,False,False
2,184,33,77,182,184,33,33,33,260,184,184,184,33,False,True,False,False,False,True,True,True,False,False,False,False
3,140,2,8,8,140,2,2,2,2,140,140,140,8,False,False,True,True,False,False,False,False,False,False,False,False
4,260,62,120,120,62,62,62,62,120,260,260,260,120,False,False,True,True,False,False,False,False,True,False,False,False
5,203,52,203,120,203,120,52,52,203,203,203,203,150,False,False,False,False,False,False,False,False,False,False,False,False
6,92,1,231,1,247,92,1,1,247,92,92,92,231,False,False,True,False,False,False,False,False,False,False,False,False
7,140,2,140,120,62,140,2,2,140,140,140,140,140,True,False,True,False,False,True,False,False,True,True,True,True
8,231,2,2,120,120,28,2,2,2,231,231,231,231,True,False,False,False,False,False,False,False,False,True,True,True
9,229,167,229,167,229,229,167,167,229,229,229,229,167,False,True,False,True,False,False,True,True,False,False,False,False
10,156,77,156,182,161,182,77,77,156,156,156,156,77,False,True,False,False,False,False,True,True,False,False,False,False
11,2,2,2,2,23,2,2,2,2,2,2,2,224,False,False,False,False,False,False,False,False,False,False,False,False
12,161,163,161,0,161,161,163,163,161,161,161,161,161,True,False,True,False,True,True,False,False,True,True,True,True
13,203,203,203,203,203,203,203,203,203,203,203,203,203,True,True,True,True,True,True,True,True,True,True,True,True
14,0,0,0,86,187,0,0,0,24,0,0,0,0,True,True,True,False,False,True,True,True,False,True,True,True
15,229,111,209,209,191,229,229,111,209,229,229,229,209,False,False,True,True,False,False,False,False,True,False,False,False
16,184,1,184,209,209,185,185,1,185,184,184,184,209,False,False,False,True,True,False,False,False,False,False,False,False
17,203,2,2,165,61,62,62,2,2,203,203,203,203,True,False,False,False,False,False,False,False,False,True,True,True
18,120,91,65,120,91,185,185,91,65,120,120,120,98,False,False,False,False,False,False,False,False,False,False,False,False
19,149,2,157,157,46,149,149,2,157,149,149,149,231,False,False,False,False,False,False,False,False,False,False,False,False
20,188,17,17,165,123,188,188,17,17,188,188,188,191,False,False,False,False,False,False,False,False,False,False,False,False
21,234,215,234,178,215,185,185,215,185,234,234,234,226,False,False,False,False,False,False,False,False,False,False,False,False
22,229,72,72,86,72,229,229,72,72,229,229,229,214,False,False,False,False,False,False,False,False,False,False,False,False
23,191,191,244,244,208,244,191,191,244,191,191,191,191,True,True,False,False,False,False,True,True,False,True,True,True
24,184,53,184,53,231,184,184,53,184,184,184,184,4,False,False,False,False,False,False,False,False,False,False,False,False
25,62,62,62,62,267,62,62,62,62,62,62,62,62,True,True,True,True,False,True,True,True,True,True,True,True
26,198,198,198,0,198,198,198,198,198,198,198,198,164,False,False,False,False,False,False,False,False,False,False,False,False
27,208,208,208,208,208,208,208,208,208,208,208,208,208,True,True,True,True,True,True,True,True,True,True,True,True
28,138,17,107,138,267,154,154,17,107,138,138,138,138,True,False,False,True,False,False,False,False,False,True,True,True
29,248,0,102,94,110,248,248,0,102,248,248,248,33,False,False,False,False,False,False,False,False,False,False,False,False
30,89,26,89,238,181,89,89,89,89,89,89,89,238,False,False,False,True,False,False,False,False,False,False,False,False
31,203,77,229,167,124,229,229,229,229,203,203,203,167,False,False,False,True,False,False,False,False,False,False,False,False
32,22,22,22,86,97,22,22,22,22,22,22,22,77,False,False,False,False,False,False,False,False,False,False,False,False
33,203,21,16,120,221,16,16,203,16,203,203,203,203,True,False,False,False,False,False,False,True,False,True,True,True
34,203,91,203,91,259,149,149,149,203,203,203,203,203,True,False,True,False,False,False,False,False,True,True,True,True
35,103,103,259,103,259,259,259,103,259,103,103,103,148,False,False,False,False,False,False,False,False,False,False,False,False
36,242,17,182,182,52,182,17,242,182,242,242,242,17,False,True,False,False,False,False,True,False,False,False,False,False
37,4,6,6,4,6,6,6,6,6,4,4,4,232,False,False,False,False,False,False,False,False,False,False,False,False
38,165,91,91,165,215,215,215,165,91,165,165,165,91,False,True,True,False,False,False,False,False,True,False,False,False
39,229,77,229,77,198,229,229,229,77,229,229,229,77,False,True,False,True,False,False,False,False,True,False,False,False
40,242,165,242,165,165,242,242,242,242,242,242,242,165,False,True,False,True,True,False,False,False,False,False,False,False
41,246,246,246,246,246,246,246,246,246,246,246,246,246,True,True,True,True,True,True,True,True,True,True,True,True
0,203,67,203,250,122,67,67,67,203,203,203,203,250,False,False,False,True,False,False,False,False,False,False,False,False
1,203,0,203,167,21,0,0,0,203,203,203,203,73,False,False,False,False,False,False,False,False,False,False,False,False
2,238,67,146,238,199,67,67,67,146,238,238,238,111,False,False,False,False,False,False,False,False,False,False,False,False
3,203,24,189,142,30,24,24,24,189,203,203,203,189,False,False,True,False,False,False,False,False,True,False,False,False
4,96,30,129,96,242,30,30,30,129,96,96,96,96,True,False,False,True,False,False,False,False,False,True,True,True
5,203,1,89,1,89,269,1,1,89,203,203,203,12,False,False,False,False,False,False,False,False,False,False,False,False
6,184,72,215,184,60,215,72,72,215,184,184,184,60,False,False,False,False,True,False,False,False,False,False,False,False
7,229,1,229,1,181,267,1,1,229,229,229,229,267,False,False,False,False,False,True,False,False,False,False,False,False
8,203,203,236,203,224,236,203,203,236,203,203,203,236,False,False,True,False,False,True,False,False,True,False,False,False
9,267,21,181,21,87,267,21,21,181,267,267,267,87,False,False,False,False,True,False,False,False,False,False,False,False
10,67,67,67,67,67,163,67,67,67,67,67,67,163,False,False,False,False,False,True,False,False,False,False,False,False
11,143,30,158,143,30,30,30,30,158,143,143,143,30,False,True,False,False,True,True,True,True,False,False,False,False
12,129,30,129,129,129,30,30,30,129,129,129,129,129,True,False,True,True,True,False,False,False,True,True,True,True
13,103,103,103,103,103,103,103,103,103,103,103,103,103,True,True,True,True,True,True,True,True,True,True,True,True
14,203,26,103,178,260,215,26,26,103,203,203,203,126,False,False,False,False,False,False,False,False,False,False,False,False
15,248,1,184,80,228,164,248,1,184,248,248,248,80,False,False,False,True,False,False,False,False,False,False,False,False
16,0,0,0,143,195,124,0,0,0,0,0,0,124,False,False,False,False,False,True,False,False,False,False,False,False
17,80,30,185,47,30,30,67,30,185,80,80,80,47,False,False,False,True,False,False,False,False,False,False,False,False
18,203,91,203,178,16,97,247,91,203,203,203,203,178,False,False,False,True,False,False,False,False,False,False,False,False
19,156,26,244,244,181,156,158,26,244,156,156,156,244,False,False,True,True,False,False,False,False,True,False,False,False
20,80,1,215,80,1,215,72,1,215,80,80,80,119,False,False,False,False,False,False,False,False,False,False,False,False
21,184,30,184,142,222,115,184,30,184,184,184,184,115,False,False,False,False,False,True,False,False,False,False,False,False
22,215,188,178,178,163,215,188,188,178,215,215,215,178,False,False,True,True,False,False,False,False,True,False,False,False
23,184,1,184,1,1,164,184,1,184,184,184,184,228,False,False,False,False,False,False,False,False,False,False,False,False
24,143,6,143,143,143,161,143,6,143,143,143,143,161,False,False,False,False,False,True,False,False,False,False,False,False
25,30,30,30,32,30,30,30,30,30,30,30,30,32,False,False,False,True,False,False,False,False,False,False,False,False
26,97,97,97,0,161,97,97,97,97,97,97,97,97,True,True,True,False,False,True,True,True,True,True,True,True
27,267,267,267,267,267,267,267,267,267,267,267,267,267,True,True,True,True,True,True,True,True,True,True,True,True
28,142,9,142,142,23,198,105,9,142,142,142,142,142,True,False,True,True,False,False,False,False,True,True,True,True
29,138,22,265,138,267,220,22,22,265,138,138,138,138,True,False,False,True,False,False,False,False,False,True,True,True
30,55,22,55,94,214,161,55,55,55,55,55,55,94,False,False,False,True,False,False,False,False,False,False,False,False
31,24,2,92,229,30,270,24,92,92,24,24,24,270,False,False,False,False,False,True,False,False,False,False,False,False
32,5,5,5,80,67,198,5,5,5,5,5,5,119,False,False,False,False,False,False,False,False,False,False,False,False
33,184,1,92,1,92,156,184,92,92,184,184,184,258,False,False,False,False,False,False,False,False,False,False,False,False
34,8,6,89,8,110,97,89,89,89,8,8,8,8,True,False,False,True,False,False,False,False,False,True,True,True
35,238,30,238,238,188,218,188,188,238,238,238,238,218,False,False,False,False,False,True,False,False,False,False,False,False
36,242,242,242,242,60,198,242,242,242,242,242,242,198,False,False,False,False,False,True,False,False,False,False,False,False
37,22,22,22,22,84,260,22,22,22,22,22,22,260,False,False,False,False,False,True,False,False,False,False,False,False
38,229,62,229,62,161,161,229,229,229,229,229,229,161,False,False,False,False,True,True,False,False,False,False,False,False
39,92,30,92,92,30,57,92,92,92,92,92,92,57,False,False,False,False,False,True,False,False,False,False,False,False
40,129,129,129,129,129,129,129,129,129,129,129,129,129,True,True,True,True,True,True,True,True,True,True,True,True
41,92,92,92,92,92,92,92,92,92,92,92,92,92,True,True,True,True,True,True,True,True,True,True,True,True
0,117,62,117,209,62,62,62,62,117,117,117,117,117,True,False,True,False,False,False,False,False,True,True,True,True
1,248,24,248,238,195,24,24,24,248,248,248,248,24,False,True,False,False,False,True,True,True,False,False,False,False
2,24,24,124,167,24,24,24,24,124,24,24,24,154,False,False,False,False,False,False,False,False,False,False,False,False
3,18,17,18,246,18,17,17,17,246,18,18,18,17,False,True,False,False,False,True,True,True,False,False,False,False
4,0,0,181,1,181,0,0,0,181,0,0,0,0,True,True,False,False,False,True,True,True,False,True,True,True
5,95,53,53,246,95,95,53,53,53,95,95,95,95,True,False,False,False,True,True,False,False,False,True,True,True
6,95,95,107,120,120,95,95,95,107,95,95,95,92,False,False,False,False,False,False,False,False,False,False,False,False
7,80,80,80,80,165,4,80,80,80,80,80,80,243,False,False,False,False,False,False,False,False,False,False,False,False
8,92,62,97,157,157,92,62,62,157,92,92,92,232,False,False,False,False,False,False,False,False,False,False,False,False
9,188,107,188,238,23,188,107,107,188,188,188,188,107,False,True,False,False,False,False,True,True,False,False,False,False
10,67,67,67,165,91,67,67,67,67,67,67,67,67,True,True,True,False,False,True,True,True,True,True,True,True
11,57,206,57,206,199,57,206,206,57,57,57,57,206,False,True,False,True,False,False,True,True,False,False,False,False
12,206,206,206,228,206,206,206,206,206,206,206,206,228,False,False,False,True,False,False,False,False,False,False,False,False
13,178,178,178,178,178,178,178,178,178,178,178,178,178,True,True,True,True,True,True,True,True,True,True,True,True
14,15,15,15,119,241,15,15,15,15,15,15,15,71,False,False,False,False,False,False,False,False,False,False,False,False
15,17,2,6,47,19,6,17,2,47,17,17,17,132,False,False,False,False,False,False,False,False,False,False,False,False
16,143,143,209,209,215,143,143,143,209,143,143,143,143,True,True,False,False,False,True,True,True,False,True,True,True
17,89,89,89,192,185,89,89,89,20,89,89,89,145,False,False,False,False,False,False,False,False,False,False,False,False
18,234,17,234,120,236,234,234,17,234,234,234,234,87,False,False,False,False,False,False,False,False,False,False,False,False
19,129,1,265,1,20,129,129,1,265,129,129,129,129,True,False,False,False,False,True,True,False,False,True,True,True
20,248,1,248,1,187,248,248,1,248,248,248,248,248,True,False,True,False,False,True,True,False,True,True,True,True
21,80,68,105,80,80,253,253,68,105,80,80,80,105,False,False,True,False,False,False,False,False,True,False,False,False
22,157,157,157,119,120,28,157,157,157,157,157,157,28,False,False,False,False,False,True,False,False,False,False,False,False
23,182,165,56,182,199,182,182,165,56,182,182,182,56,False,False,True,False,False,False,False,False,True,False,False,False
24,188,188,247,110,188,188,188,188,247,188,188,188,16,False,False,False,False,False,False,False,False,False,False,False,False
25,89,89,89,246,246,89,89,89,89,89,89,89,89,True,True,True,False,False,True,True,True,True,True,True,True
26,120,120,120,120,120,120,120,120,120,120,120,120,29,False,False,False,False,False,False,False,False,False,False,False,False
27,1,1,1,1,1,1,1,1,1,1,1,1,1,True,True,True,True,True,True,True,True,True,True,True,True
28,37,37,62,246,37,62,37,37,62,37,37,37,37,True,True,False,False,True,False,True,True,False,True,True,True
29,255,1,255,1,164,255,255,1,255,255,255,255,93,False,False,False,False,False,False,False,False,False,False,False,False
30,192,30,112,192,30,220,192,192,112,192,192,192,192,True,False,False,True,False,False,True,True,False,True,True,True
31,107,77,89,80,10,89,89,80,89,107,107,107,242,False,False,False,False,False,False,False,False,False,False,False,False
32,89,72,89,165,118,89,89,89,89,89,89,89,118,False,False,False,False,True,False,False,False,False,False,False,False
33,143,62,143,62,161,143,143,143,143,143,143,143,150,False,False,False,False,False,False,False,False,False,False,False,False
34,95,1,95,182,1,95,95,95,95,95,95,95,151,False,False,False,False,False,False,False,False,False,False,False,False
35,89,62,181,62,215,89,89,89,181,89,89,89,181,False,False,True,False,False,False,False,False,True,False,False,False
36,67,67,67,46,46,67,67,67,46,67,67,67,46,False,False,False,True,True,False,False,False,True,False,False,False
37,1,1,1,1,1,1,1,1,1,1,1,1,214,False,False,False,False,False,False,False,False,False,False,False,False
38,247,30,247,52,30,247,247,247,247,247,247,247,52,False,False,False,True,False,False,False,False,False,False,False,False
39,107,80,107,80,84,107,107,80,107,107,107,107,84,False,False,False,False,True,False,False,False,False,False,False,False
40,89,89,89,89,28,89,89,89,89,89,89,89,89,True,True,True,True,False,True,True,True,True,True,True,True
41,253,253,253,253,253,253,253,253,253,253,253,253,253,True,True,True,True,True,True,True,True,True,True,True,True
0,22,22,22,245,244,22,22,22,22,22,22,22,197,False,False,False,False,False,False,False,False,False,False,False,False
1,260,77,49,86,91,77,77,77,49,260,260,260,49,False,False,True,False,False,False,False,False,True,False,False,False
2,17,17,17,119,143,17,17,17,17,17,17,17,132,False,False,False,False,False,False,False,False,False,False,False,False
3,157,30,158,157,145,30,30,30,158,157,157,157,53,False,False,False,False,False,False,False,False,False,False,False,False
4,24,24,143,182,221,24,24,24,143,24,24,24,24,True,True,False,False,False,True,True,True,False,True,True,True
5,271,30,271,246,232,72,30,30,271,271,271,271,46,False,False,False,False,False,False,False,False,False,False,False,False
6,96,96,231,96,96,105,96,96,231,96,96,96,160,False,False,False,False,False,False,False,False,False,False,False,False
7,94,94,94,94,57,94,94,94,94,94,94,94,257,False,False,False,False,False,False,False,False,False,False,False,False
8,184,124,184,184,184,184,124,124,184,184,184,184,214,False,False,False,False,False,False,False,False,False,False,False,False
9,149,77,20,77,91,20,77,77,20,149,149,149,77,False,True,False,True,False,False,True,True,False,False,False,False
10,158,267,158,158,267,158,267,267,158,158,158,158,158,True,False,True,True,False,True,False,False,True,True,True,True
11,231,30,231,231,231,231,30,30,231,231,231,231,231,True,False,True,True,True,True,False,False,True,True,True,True
12,184,184,184,184,20,184,184,184,184,184,184,184,184,True,True,True,True,False,True,True,True,True,True,True,True
13,232,232,232,232,232,232,232,232,232,232,232,232,232,True,True,True,True,True,True,True,True,True,True,True,True
14,238,2,46,238,141,242,2,2,242,238,238,238,11,False,False,False,False,False,False,False,False,False,False,False,False
15,69,6,269,209,20,184,184,6,269,69,69,69,25,False,False,False,False,False,False,False,False,False,False,False,False
16,142,72,129,142,167,72,72,72,129,142,142,142,191,False,False,False,False,False,False,False,False,False,False,False,False
17,69,69,69,238,120,187,187,69,69,69,69,69,7,False,False,False,False,False,False,False,False,False,False,False,False
18,231,89,198,110,198,103,103,89,198,231,231,231,103,False,False,False,False,False,True,True,False,False,False,False,False
19,17,17,67,120,17,67,67,17,17,17,17,17,263,False,False,False,False,False,False,False,False,False,False,False,False
20,188,188,188,119,32,181,181,188,188,188,188,188,181,False,False,False,False,False,True,True,False,False,False,False,False
21,242,156,242,165,212,242,242,156,165,242,242,242,242,True,False,True,False,False,True,True,False,False,True,True,True
22,238,2,2,238,2,2,2,2,2,238,238,238,243,False,False,False,False,False,False,False,False,False,False,False,False
23,184,6,229,178,6,184,184,6,229,184,184,184,184,True,False,False,False,False,True,True,False,False,True,True,True
24,167,72,72,167,243,72,72,72,72,167,167,167,72,False,True,True,False,False,True,True,True,True,False,False,False
25,188,89,188,120,188,188,188,89,188,188,188,188,120,False,False,False,True,False,False,False,False,False,False,False,False
26,28,28,243,243,243,243,243,28,243,28,28,28,243,False,False,True,True,True,True,True,False,True,False,False,False
27,206,206,206,206,206,206,206,206,206,206,206,206,206,True,True,True,True,True,True,True,True,True,True,True,True
28,154,91,120,120,263,242,242,91,120,154,154,154,108,False,False,False,False,False,False,False,False,False,False,False,False
29,18,18,143,110,107,107,107,18,143,18,18,18,18,True,True,False,False,False,False,False,True,False,True,True,True
30,95,2,95,157,157,247,247,271,95,95,95,95,180,False,False,False,False,False,False,False,False,False,False,False,False
31,15,15,15,119,212,52,52,146,15,15,15,15,146,False,False,False,False,False,False,False,True,False,False,False,False
32,5,5,5,140,260,11,11,140,5,5,5,5,170,False,False,False,False,False,False,False,False,False,False,False,False
33,17,17,188,239,32,188,188,17,188,17,17,17,17,True,True,False,False,False,False,False,True,False,True,True,True
34,192,24,24,192,208,24,24,24,24,192,192,192,24,False,True,True,False,False,True,True,True,True,False,False,False
35,271,33,188,33,188,243,243,271,188,271,271,271,7,False,False,False,False,False,False,False,False,False,False,False,False
36,4,91,188,120,232,263,263,4,188,4,4,4,4,True,False,False,False,False,False,False,True,False,True,True,True
37,143,143,143,143,56,247,247,56,143,143,143,143,56,False,False,False,False,True,False,False,True,False,False,False,False
38,247,2,247,62,109,247,247,247,247,247,247,247,109,False,False,False,False,True,False,False,False,False,False,False,False
39,119,119,214,119,208,119,119,214,214,119,119,119,214,False,False,True,False,False,False,False,True,True,False,False,False
40,198,100,198,100,100,198,198,198,198,198,198,198,198,True,False,True,False,False,True,True,True,True,True,True,True
41,165,165,165,165,165,165,165,165,165,165,165,165,165,True,True,True,True,True,True,True,True,True,True,True,True
0,203,2,203,119,158,2,2,2,203,203,203,203,263,False,False,False,False,False,False,False,False,False,False,False,False
1,209,1,24,209,160,1,1,1,24,209,209,209,195,False,False,False,False,False,False,False,False,False,False,False,False
2,203,52,198,142,203,52,52,52,89,203,203,203,241,False,False,False,False,False,False,False,False,False,False,False,False
3,80,1,107,80,182,1,1,1,242,80,80,80,132,False,False,False,False,False,False,False,False,False,False,False,False
4,119,2,105,119,191,2,2,2,105,119,119,119,191,False,False,False,False,True,False,False,False,False,False,False,False
5,242,2,10,167,218,242,2,2,10,242,242,242,218,False,False,False,False,True,False,False,False,False,False,False,False
6,220,124,178,178,199,220,124,124,178,220,220,220,124,False,True,False,False,False,False,True,True,False,False,False,False
7,238,140,238,238,262,140,140,140,238,238,238,238,198,False,False,False,False,False,False,False,False,False,False,False,False
8,203,2,203,119,119,2,2,2,203,203,203,203,219,False,False,False,False,False,False,False,False,False,False,False,False
9,1,1,1,1,32,1,1,1,1,1,1,1,32,False,False,False,False,True,False,False,False,False,False,False,False
10,203,203,181,203,42,181,203,203,181,203,203,203,181,False,False,True,False,False,True,False,False,True,False,False,False
11,215,1,1,182,1,215,1,1,215,215,215,215,215,True,False,False,False,False,True,False,False,True,True,True,True
12,119,30,119,119,119,119,30,30,119,119,119,119,119,True,False,True,True,True,True,False,False,True,True,True,True
13,167,167,167,167,167,167,167,167,167,167,167,167,167,True,True,True,True,True,True,True,True,True,True,True,True
14,209,105,271,209,206,105,105,105,271,209,209,209,19,False,False,False,False,False,False,False,False,False,False,False,False
15,238,62,107,238,146,107,107,62,146,238,238,238,175,False,False,False,False,False,False,False,False,False,False,False,False
16,255,21,94,94,94,158,158,21,94,255,255,255,158,False,False,False,False,False,True,True,False,False,False,False,False
17,95,94,95,94,56,187,187,94,95,95,95,95,10,False,False,False,False,False,False,False,False,False,False,False,False
18,238,215,215,238,215,212,212,215,215,238,238,238,212,False,False,False,False,False,True,True,False,False,False,False,False
19,17,17,156,120,52,52,52,17,156,17,17,17,156,False,False,True,False,False,False,False,False,True,False,False,False
20,203,80,203,80,203,247,247,80,203,203,203,203,175,False,False,False,False,False,False,False,False,False,False,False,False
21,154,154,154,165,208,154,154,154,154,154,154,154,35,False,False,False,False,False,False,False,False,False,False,False,False
22,124,124,124,182,124,124,16,124,182,124,124,124,124,True,True,True,False,True,True,False,True,False,True,True,True
23,247,247,247,46,247,247,247,247,247,247,247,247,247,True,True,True,False,True,True,True,True,True,True,True,True
24,94,21,94,94,21,94,94,21,94,94,94,94,21,False,True,False,False,True,False,False,True,False,False,False,False
25,253,253,253,253,253,253,253,253,253,253,253,253,194,False,False,False,False,False,False,False,False,False,False,False,False
26,161,249,161,0,249,161,161,249,161,161,161,161,161,True,False,True,False,False,True,True,False,True,True,True,True
27,271,271,271,271,271,271,271,271,271,271,271,271,271,True,True,True,True,True,True,True,True,True,True,True,True
28,209,18,62,209,201,247,247,18,124,209,209,209,201,False,False,False,False,True,False,False,False,False,False,False,False
29,95,0,177,110,95,177,177,0,177,95,95,95,177,False,False,True,False,False,True,True,False,True,False,False,False
30,24,24,232,142,24,24,24,154,154,24,24,24,142,False,False,False,True,False,False,False,False,False,False,False,False
31,203,33,62,165,105,105,105,62,62,203,203,203,260,False,False,False,False,False,False,False,False,False,False,False,False
32,238,6,6,238,199,187,187,6,6,238,238,238,12,False,False,False,False,False,False,False,False,False,False,False,False
33,80,30,80,80,120,189,231,167,80,80,80,80,120,False,False,False,False,True,False,False,False,False,False,False,False
34,248,105,248,178,206,105,105,248,248,248,248,248,178,False,False,False,True,False,False,False,False,False,False,False,False
35,142,1,142,142,54,242,242,142,142,142,142,142,142,True,False,True,True,False,False,False,True,True,True,True,True
36,124,124,247,61,97,247,247,247,124,124,124,124,124,True,True,False,False,False,False,False,False,True,True,True,True
37,86,30,259,86,30,86,259,259,259,86,86,86,86,True,False,False,True,False,True,False,False,False,True,True,True
38,157,157,28,157,215,215,215,28,28,157,157,157,157,True,True,False,True,False,False,False,False,False,True,True,True
39,165,62,62,165,57,165,165,62,62,165,165,165,165,True,False,False,True,False,True,True,False,False,True,True,True
40,199,199,199,199,23,199,199,199,199,199,199,199,23,False,False,False,False,True,False,False,False,False,False,False,False
41,30,30,30,30,30,30,30,30,30,30,30,30,30,True,True,True,True,True,True,True,True,True,True,True,True
0,37,37,37,80,37,37,37,37,37,37,37,37,37,True,True,True,False,True,True,True,True,True,True,True,True
1,95,95,103,182,100,95,95,95,103,95,95,95,25,False,False,False,False,False,False,False,False,False,False,False,False
2,69,0,269,142,268,0,0,0,269,69,69,69,69,True,False,False,False,False,False,False,False,False,True,True,True
3,107,53,53,119,107,53,53,53,53,107,107,107,107,True,False,False,False,True,False,False,False,False,True,True,True
4,143,62,246,246,161,62,62,62,246,143,143,143,98,False,False,False,False,False,False,False,False,False,False,False,False
5,24,24,149,187,262,149,24,24,149,24,24,24,49,False,False,False,False,False,False,False,False,False,False,False,False
6,203,17,203,244,23,203,17,17,57,203,203,203,17,False,True,False,False,False,False,True,True,False,False,False,False
7,238,195,97,238,195,238,195,195,97,238,238,238,195,False,True,False,False,True,False,True,True,False,False,False,False
8,184,52,222,52,52,184,52,52,222,184,184,184,181,False,False,False,False,False,False,False,False,False,False,False,False
9,231,103,107,107,231,100,103,103,107,231,231,231,103,False,True,False,False,False,False,True,True,False,False,False,False
10,231,89,89,231,231,89,89,89,89,231,231,231,231,True,False,False,True,True,False,False,False,False,True,True,True
11,165,53,53,165,53,244,53,53,53,165,165,165,53,False,True,True,False,True,False,True,True,True,False,False,False
12,165,62,62,165,165,62,62,62,62,165,165,165,165,True,False,False,True,True,False,False,False,False,True,True,True
13,20,20,20,20,20,20,20,20,20,20,20,20,20,True,True,True,True,True,True,True,True,True,True,True,True
14,192,6,92,94,198,92,6,6,92,192,192,192,66,False,False,False,False,False,False,False,False,False,False,False,False
15,174,95,158,142,246,95,95,95,158,174,174,174,174,True,False,False,False,False,False,False,False,False,True,True,True
16,24,1,258,239,258,142,142,1,142,24,24,24,257,False,False,False,False,False,False,False,False,False,False,False,False
17,80,80,145,80,46,145,145,80,145,80,80,80,243,False,False,False,False,False,False,False,False,False,False,False,False
18,231,1,187,1,164,28,28,1,187,231,231,231,187,False,False,True,False,False,False,False,False,True,False,False,False
19,17,17,17,94,67,143,143,17,17,17,17,17,17,True,True,True,False,False,False,False,True,True,True,True,True
20,238,6,158,238,92,92,92,6,56,238,238,238,56,False,False,False,False,False,False,False,False,True,False,False,False
21,220,105,232,107,105,107,232,105,232,220,220,220,232,False,False,True,False,False,False,True,False,True,False,False,False
22,247,6,247,178,6,6,6,6,247,247,247,247,262,False,False,False,False,False,False,False,False,False,False,False,False
23,188,188,158,228,158,188,188,188,158,188,188,188,224,False,False,False,False,False,False,False,False,False,False,False,False
24,215,1,215,1,57,1,1,1,215,215,215,215,258,False,False,False,False,False,False,False,False,False,False,False,False
25,158,46,158,46,46,158,46,46,46,158,158,158,158,True,False,True,False,False,True,False,False,False,True,True,True
26,215,215,215,0,57,215,215,215,215,215,215,215,215,True,True,True,False,False,True,True,True,True,True,True,True
27,163,163,163,163,163,163,163,163,163,163,163,163,163,True,True,True,True,True,True,True,True,True,True,True,True
28,255,80,255,94,246,255,255,80,255,255,255,255,201,False,False,False,False,False,False,False,False,False,False,False,False
29,138,21,248,138,260,248,248,21,248,138,138,138,138,True,False,False,True,False,False,False,False,False,True,True,True
30,209,62,143,209,105,143,143,143,143,209,209,209,36,False,False,False,False,False,False,False,False,False,False,False,False
31,203,17,28,178,194,28,28,28,28,203,203,203,243,False,False,False,False,False,False,False,False,False,False,False,False
32,143,6,143,246,86,143,143,143,215,143,143,143,181,False,False,False,False,False,False,False,False,False,False,False,False
33,203,0,0,94,246,0,0,0,0,203,203,203,132,False,False,False,False,False,False,False,False,False,False,False,False
34,190,52,190,52,36,190,190,190,190,190,190,190,36,False,False,False,False,True,False,False,False,False,False,False,False
35,242,242,259,191,198,259,259,259,259,242,242,242,191,False,False,False,True,False,False,False,False,False,False,False,False
36,203,94,203,94,215,94,203,94,203,203,203,203,203,True,False,True,False,False,False,True,False,True,True,True,True
37,156,156,156,253,181,253,253,253,181,156,156,156,75,False,False,False,False,False,False,False,False,False,False,False,False
38,143,105,105,143,42,143,143,143,105,143,143,143,42,False,False,False,False,True,False,False,False,False,False,False,False
39,28,28,28,28,28,28,28,28,28,28,28,28,42,False,False,False,False,False,False,False,False,False,False,False,False
40,215,215,185,185,215,185,185,185,185,215,215,215,185,False,False,True,True,False,True,True,True,True,False,False,False
41,185,185,185,185,185,185,185,185,185,185,185,185,185,True,True,True,True,True,True,True,True,True,True,True,True
0,231,21,231,110,243,21,21,21,231,231,231,231,202,False,False,False,False,False,False,False,False,False,False,False,False
1,154,107,260,110,236,107,107,107,260,154,154,154,121,False,False,False,False,False,False,False,False,False,False,False,False
2,157,6,260,157,167,6,6,6,260,157,157,157,139,False,False,False,False,False,False,False,False,False,False,False,False
3,69,52,105,246,257,52,52,52,105,69,69,69,168,False,False,False,False,False,False,False,False,False,False,False,False
4,0,0,0,142,0,0,0,0,0,0,0,0,0,True,True,True,False,True,True,True,True,True,True,True,True
5,22,22,205,244,16,22,22,22,22,22,22,22,260,False,False,False,False,False,False,False,False,False,False,False,False
6,192,52,52,192,187,220,52,52,52,192,192,192,220,False,False,False,False,False,True,False,False,False,False,False,False
7,2,2,28,110,215,28,2,2,28,2,2,2,156,False,False,False,False,False,False,False,False,False,False,False,False
8,217,156,243,217,217,156,156,156,243,217,217,217,217,True,False,False,True,True,False,False,False,False,True,True,True
9,110,221,110,110,206,221,221,221,110,110,110,110,236,False,False,False,False,False,False,False,False,False,False,False,False
10,157,157,157,157,199,157,157,157,157,157,157,157,214,False,False,False,False,False,False,False,False,False,False,False,False
11,246,246,246,246,164,246,246,246,246,246,246,246,164,False,False,False,False,True,False,False,False,False,False,False,False
12,247,247,247,86,86,247,247,247,247,247,247,247,86,False,False,False,True,True,False,False,False,False,False,False,False
13,244,244,244,244,244,244,244,244,244,244,244,244,244,True,True,True,True,True,True,True,True,True,True,True,True
14,140,6,140,94,119,140,6,6,140,140,140,140,265,False,False,False,False,False,False,False,False,False,False,False,False
15,15,2,24,120,23,15,15,2,267,15,15,15,15,True,False,False,False,False,True,True,False,False,True,True,True
16,67,67,142,142,236,151,67,67,67,67,67,67,189,False,False,False,False,False,False,False,False,False,False,False,False
17,158,2,267,142,158,142,158,2,217,158,158,158,198,False,False,False,False,False,False,False,False,False,False,False,False
18,193,77,193,77,243,193,193,77,193,193,193,193,193,True,False,True,False,False,True,True,False,True,True,True,True
19,226,80,226,80,243,167,226,80,226,226,226,226,56,False,False,False,False,False,False,False,False,False,False,False,False
20,140,72,107,107,107,140,140,72,107,140,140,140,176,False,False,False,False,False,False,False,False,False,False,False,False
21,80,2,53,80,109,80,80,2,53,80,80,80,80,True,False,False,True,False,True,True,False,False,True,True,True
22,247,6,6,119,222,6,6,6,247,247,247,247,119,False,False,False,True,False,False,False,False,False,False,False,False
23,2,2,258,258,23,2,2,2,2,2,2,2,198,False,False,False,False,False,False,False,False,False,False,False,False
24,142,142,142,142,142,142,142,142,142,142,142,142,142,True,True,True,True,True,True,True,True,True,True,True,True
25,2,2,2,2,84,2,2,2,2,2,2,2,123,False,False,False,False,False,False,False,False,False,False,False,False
26,243,243,243,243,243,243,243,243,243,243,243,243,243,True,True,True,True,True,True,True,True,True,True,True,True
27,167,167,167,167,167,167,167,167,167,167,167,167,167,True,True,True,True,True,True,True,True,True,True,True,True
28,140,80,140,80,42,140,140,80,140,140,140,140,127,False,False,False,False,False,False,False,False,False,False,False,False
29,140,105,140,119,46,140,140,105,174,140,140,140,73,False,False,False,False,False,False,False,False,False,False,False,False
30,203,17,62,209,156,62,203,203,62,203,203,203,209,False,False,False,True,False,False,False,False,False,False,False,False
31,80,80,80,239,164,239,80,80,80,80,80,80,218,False,False,False,False,False,False,False,False,False,False,False,False
32,22,22,22,238,238,22,22,22,22,22,22,22,238,False,False,False,True,True,False,False,False,False,False,False,False
33,247,187,185,187,222,185,247,247,185,247,247,247,207,False,False,False,False,False,False,False,False,False,False,False,False
34,271,129,129,110,267,129,129,271,129,271,271,271,110,False,False,False,True,False,False,False,False,False,False,False,False
35,94,68,157,94,68,157,94,94,157,94,94,94,68,False,True,False,False,True,False,False,False,False,False,False,False
36,80,80,181,80,263,215,80,80,80,80,80,80,80,True,True,False,True,False,False,True,True,True,True,True,True
37,242,242,242,119,243,253,253,242,242,242,242,242,119,False,False,False,True,False,False,False,False,False,False,False,False
38,203,156,203,178,178,203,203,203,203,203,203,203,156,False,True,False,False,False,False,False,False,False,False,False,False
39,80,80,80,80,206,80,80,80,80,80,80,80,80,True,True,True,True,False,True,True,True,True,True,True,True
40,181,181,205,205,181,181,181,181,205,181,181,181,181,True,True,False,False,True,True,True,True,False,True,True,True
41,247,247,247,247,247,247,247,247,247,247,247,247,247,True,True,True,True,True,True,True,True,True,True,True,True
0,39,39,39,86,73,39,39,39,39,39,39,39,39,True,True,True,False,False,True,True,True,True,True,True,True
1,69,17,198,209,191,17,17,17,198,69,69,69,69,True,False,False,False,False,False,False,False,False,True,True,True
2,184,26,167,167,26,26,26,26,167,184,184,184,224,False,False,False,False,False,False,False,False,False,False,False,False
3,209,96,140,209,120,96,96,96,140,209,209,209,96,False,True,False,False,False,True,True,True,False,False,False,False
4,17,17,149,17,72,17,17,17,149,17,17,17,72,False,False,False,False,True,False,False,False,False,False,False,False
5,103,103,182,182,267,232,103,103,182,103,103,103,107,False,False,False,False,False,False,False,False,False,False,False,False
6,89,30,89,119,30,191,30,30,89,89,89,89,191,False,False,False,False,False,True,False,False,False,False,False,False
7,24,24,182,182,231,231,24,24,182,24,24,24,103,False,False,False,False,False,False,False,False,False,False,False,False
8,220,220,158,46,84,46,220,220,158,220,220,220,46,False,False,False,True,False,True,False,False,False,False,False,False
9,17,17,17,17,20,17,17,17,17,17,17,17,17,True,True,True,True,False,True,True,True,True,True,True,True
10,184,167,167,167,56,56,167,167,167,184,184,184,56,False,False,False,False,True,True,False,False,False,False,False,False
11,184,184,184,184,206,206,184,184,184,184,184,184,184,True,True,True,True,False,False,True,True,True,True,True,True
12,17,17,17,17,17,17,17,17,17,17,17,17,17,True,True,True,True,True,True,True,True,True,True,True,True
13,163,163,163,163,163,163,163,163,163,163,163,163,163,True,True,True,True,True,True,True,True,True,True,True,True
14,226,30,195,110,191,226,30,30,195,226,226,226,83,False,False,False,False,False,False,False,False,False,False,False,False
15,238,67,220,238,260,271,220,67,67,238,238,238,224,False,False,False,False,False,False,False,False,False,False,False,False
16,209,8,140,8,267,17,267,8,140,209,209,209,46,False,False,False,False,False,False,False,False,False,False,False,False
17,209,142,185,209,205,232,175,142,185,209,209,209,224,False,False,False,False,False,False,False,False,False,False,False,False
18,80,24,24,80,188,257,215,24,257,80,80,80,242,False,False,False,False,False,False,False,False,False,False,False,False
19,18,18,24,120,24,18,260,18,24,18,18,18,18,True,True,False,False,False,True,False,True,False,True,True,True
20,18,18,18,246,205,18,164,18,18,18,18,18,18,True,True,True,False,False,True,False,True,True,True,True,True
21,232,86,232,246,236,232,267,86,232,232,232,232,56,False,False,False,False,False,False,False,False,False,False,False,False
22,195,30,232,195,232,232,30,30,232,195,195,195,195,True,False,False,True,False,False,False,False,False,True,True,True
23,238,220,238,238,256,191,220,220,220,238,238,238,191,False,False,False,False,False,True,False,False,False,False,False,False
24,209,17,17,209,17,17,209,17,209,209,209,209,91,False,False,False,False,False,False,False,False,False,False,False,False
25,142,142,142,142,217,232,142,142,232,142,142,142,232,False,False,False,False,False,True,False,False,True,False,False,False
26,80,80,80,80,80,257,80,80,257,80,80,80,257,False,False,False,False,False,True,False,False,True,False,False,False
27,205,205,205,205,205,205,205,205,205,205,205,205,205,True,True,True,True,True,True,True,True,True,True,True,True
28,50,0,0,80,24,258,267,0,0,50,50,50,50,True,False,False,False,False,False,False,False,False,True,True,True
29,192,17,17,192,257,17,215,17,17,192,192,192,135,False,False,False,False,False,False,False,False,False,False,False,False
30,95,21,95,167,97,205,97,205,95,95,95,95,187,False,False,False,False,False,False,False,False,False,False,False,False
31,24,24,89,32,60,146,220,146,89,24,24,24,160,False,False,False,False,False,False,False,False,False,False,False,False
32,242,6,242,86,228,214,97,214,242,242,242,242,214,False,False,False,False,False,True,False,True,False,False,False,False
33,22,17,120,120,122,17,164,17,120,22,22,22,105,False,False,False,False,False,False,False,False,False,False,False,False
34,24,24,157,157,84,157,198,157,157,24,24,24,24,True,True,False,False,False,False,False,False,False,True,True,True
35,157,156,92,157,247,157,156,157,92,157,157,157,202,False,False,False,False,False,False,False,False,False,False,False,False
36,80,80,80,80,91,91,267,91,80,80,80,80,91,False,False,False,False,True,True,False,True,False,False,False,False
37,17,17,10,244,228,17,10,17,10,17,17,17,205,False,False,False,False,False,False,False,False,False,False,False,False
38,167,167,167,167,110,167,164,167,167,167,167,167,110,False,False,False,False,True,False,False,False,False,False,False,False
39,28,28,28,28,199,28,60,28,28,28,28,28,60,False,False,False,False,False,False,True,False,False,False,False,False
40,6,6,6,6,6,6,6,6,6,6,6,6,6,True,True,True,True,True,True,True,True,True,True,True,True
41,199,199,199,199,199,199,199,199,199,199,199,199,199,True,True,True,True,True,True,True,True,True,True,True,True
0,238,2,238,238,70,2,2,2,238,238,238,238,269,False,False,False,False,False,False,False,False,False,False,False,False
1,271,47,47,47,198,47,47,47,47,271,271,271,47,False,True,True,True,False,True,True,True,True,False,False,False
2,177,67,89,142,67,67,67,67,89,177,177,177,176,False,False,False,False,False,False,False,False,False,False,False,False
3,89,89,156,167,167,89,89,89,156,89,89,89,97,False,False,False,False,False,False,False,False,False,False,False,False
4,209,103,103,209,229,103,103,103,103,209,209,209,209,True,False,False,True,False,False,False,False,False,True,True,True
5,149,52,149,182,262,52,52,52,149,149,149,149,198,False,False,False,False,False,False,False,False,False,False,False,False
6,157,157,259,157,123,158,157,157,259,157,157,157,120,False,False,False,False,False,False,False,False,False,False,False,False
7,215,1,6,119,57,119,1,1,6,215,215,215,119,False,False,False,True,False,True,False,False,False,False,False,False
8,238,91,10,238,23,238,91,91,10,238,238,238,238,True,False,False,True,False,True,False,False,False,True,True,True
9,205,62,243,62,123,243,62,62,243,205,205,205,123,False,False,False,False,True,False,False,False,False,False,False,False
10,142,142,247,142,142,247,142,142,247,142,142,142,142,True,True,False,True,True,False,True,True,False,True,True,True
11,205,205,57,205,243,243,205,205,57,205,205,205,57,False,False,True,False,False,False,False,False,True,False,False,False
12,229,229,229,229,229,229,229,229,229,229,229,229,229,True,True,True,True,True,True,True,True,True,True,True,True
13,0,23,0,23,23,23,23,23,0,0,0,0,23,False,True,False,True,True,True,True,True,False,False,False,False
14,127,52,149,157,165,184,52,52,149,127,127,127,127,True,False,False,False,False,False,False,False,False,True,True,True
15,157,30,92,157,242,242,242,30,92,157,157,157,60,False,False,False,False,False,False,False,False,False,False,False,False
16,17,1,52,1,167,52,52,1,52,17,17,17,167,False,False,False,False,True,False,False,False,False,False,False,False
17,203,124,203,244,49,242,242,124,203,203,203,203,124,False,True,False,False,False,False,False,True,False,False,False,False
18,80,2,198,80,2,107,107,2,198,80,80,80,80,True,False,False,True,False,False,False,False,False,True,True,True
19,95,12,95,12,156,195,195,12,95,95,95,95,156,False,False,False,False,True,False,False,False,False,False,False,False
20,253,129,253,178,178,165,165,129,253,253,253,253,165,False,False,False,False,False,True,True,False,False,False,False,False
21,92,2,92,53,221,2,2,2,92,92,92,92,221,False,False,False,False,True,False,False,False,False,False,False,False
22,184,91,149,165,149,184,184,91,149,184,184,184,165,False,False,False,True,False,False,False,False,False,False,False,False
23,92,53,120,120,161,92,92,53,120,92,92,92,120,False,False,True,True,False,False,False,False,True,False,False,False
24,89,89,49,49,49,49,89,89,49,89,89,89,262,False,False,False,False,False,False,False,False,False,False,False,False
25,231,149,149,231,49,231,149,149,149,231,231,231,49,False,False,False,False,True,False,False,False,False,False,False,False
26,57,57,57,0,42,57,57,57,57,57,57,57,42,False,False,False,False,True,False,False,False,False,False,False,False
27,89,89,89,89,89,89,89,89,89,89,89,89,89,True,True,True,True,True,True,True,True,True,True,True,True
28,238,0,0,238,123,2,2,0,0,238,238,238,98,False,False,False,False,False,False,False,False,False,False,False,False
29,24,22,224,157,84,24,24,22,224,24,24,24,10,False,False,False,False,False,False,False,False,False,False,False,False
30,15,15,15,184,67,24,24,15,15,15,15,15,60,False,False,False,False,False,False,False,False,False,False,False,False
31,215,47,188,47,46,103,103,188,188,215,215,215,47,False,True,False,True,False,False,False,False,False,False,False,False
32,24,24,185,165,206,24,24,185,185,24,24,24,54,False,False,False,False,False,False,False,False,False,False,False,False
33,238,95,238,238,164,95,238,95,238,238,238,238,238,True,False,True,True,False,False,True,False,True,True,True,True
34,124,1,1,1,10,1,1,1,1,124,124,124,124,True,False,False,False,False,False,False,False,False,True,True,True
35,220,77,205,77,198,215,16,16,205,220,220,220,220,True,False,False,False,False,False,False,False,False,True,True,True
36,141,91,141,91,91,205,141,141,141,141,141,141,194,False,False,False,False,False,False,False,False,False,False,False,False
37,221,77,221,77,217,221,221,221,221,221,221,221,221,True,False,True,False,False,True,True,True,True,True,True,True
38,184,184,184,184,185,184,184,92,92,184,184,184,92,False,False,False,False,False,False,False,True,True,False,False,False
39,215,215,215,228,243,243,243,215,215,215,215,215,215,True,True,True,False,False,False,False,True,True,True,True,True
40,185,206,185,206,185,185,185,185,185,185,185,185,185,True,False,True,False,True,True,True,True,True,True,True,True
41,199,199,199,199,199,199,199,199,199,199,199,199,199,True,True,True,True,True,True,True,True,True,True,True,True
0,90,77,90,86,77,77,77,77,90,90,90,90,90,True,False,True,False,False,False,False,False,True,True,True,True
1,203,3,203,119,101,3,3,3,203,203,203,203,203,True,False,True,False,False,False,False,False,True,True,True,True
2,24,2,231,246,154,2,2,2,231,24,24,24,67,False,False,False,False,False,False,False,False,False,False,False,False
3,24,24,24,244,24,24,24,24,24,24,24,24,67,False,False,False,False,False,False,False,False,False,False,False,False
4,167,72,72,167,208,72,72,72,72,167,167,167,112,False,False,False,False,False,False,False,False,False,False,False,False
5,22,22,4,22,72,195,22,22,4,22,22,22,195,False,False,False,False,False,True,False,False,False,False,False,False
6,140,24,140,246,72,24,24,24,24,140,140,140,72,False,False,False,False,True,False,False,False,False,False,False,False
7,184,184,184,184,87,184,184,184,184,184,184,184,20,False,False,False,False,False,False,False,False,False,False,False,False
8,156,77,156,77,77,268,77,77,156,156,156,156,77,False,True,False,True,True,False,True,True,False,False,False,False
9,52,52,52,52,101,52,52,52,52,52,52,52,52,True,True,True,True,False,True,True,True,True,True,True,True
10,231,2,2,246,53,2,2,2,2,231,231,231,231,True,False,False,False,False,False,False,False,False,True,True,True
11,46,46,46,46,206,46,46,46,46,46,46,46,46,True,True,True,True,False,True,True,True,True,True,True,True
12,60,206,60,206,206,60,206,206,60,60,60,60,206,False,True,False,True,True,False,True,True,False,False,False,False
13,4,4,4,4,4,4,4,4,4,4,4,4,4,True,True,True,True,True,True,True,True,True,True,True,True
14,79,8,19,8,222,19,8,8,19,79,79,79,79,True,False,False,False,False,False,False,False,False,True,True,True
15,0,0,0,80,206,158,80,0,0,0,0,0,158,False,False,False,False,False,True,False,False,False,False,False,False
16,15,8,15,8,80,105,80,8,15,15,15,15,105,False,False,False,False,False,True,False,False,False,False,False,False
17,140,52,140,192,268,105,192,52,140,140,140,140,105,False,False,False,False,False,True,False,False,False,False,False,False
18,238,53,229,238,191,72,238,53,229,238,238,238,191,False,False,False,False,True,False,False,False,False,False,False,False
19,80,67,80,80,80,67,80,67,80,80,80,80,107,False,False,False,False,False,False,False,False,False,False,False,False
20,157,33,92,157,208,92,157,33,92,157,157,157,262,False,False,False,False,False,False,False,False,False,False,False,False
21,67,53,53,53,123,67,67,53,53,67,67,67,67,True,False,False,False,False,True,True,False,False,True,True,True
22,17,17,119,119,119,188,119,17,119,17,17,17,46,False,False,False,False,False,False,False,False,False,False,False,False
23,1,1,232,1,77,1,1,1,232,1,1,1,232,False,False,True,False,False,False,False,False,True,False,False,False
24,205,16,205,205,205,16,205,16,205,205,205,205,87,False,False,False,False,False,False,False,False,False,False,False,False
25,56,56,56,56,56,56,56,56,56,56,56,56,56,True,True,True,True,True,True,True,True,True,True,True,True
26,53,53,53,53,53,53,53,53,53,53,53,53,53,True,True,True,True,True,True,True,True,True,True,True,True
27,60,60,60,60,60,60,60,60,60,60,60,60,60,True,True,True,True,True,True,True,True,True,True,True,True
28,209,77,185,209,77,242,209,77,242,209,209,209,146,False,False,False,False,False,False,False,False,False,False,False,False
29,215,62,215,167,124,19,167,62,271,215,215,215,19,False,False,False,False,False,True,False,False,False,False,False,False
30,17,17,62,244,205,107,244,62,62,17,17,17,195,False,False,False,False,False,False,False,False,False,False,False,False
31,255,77,255,110,110,105,110,255,255,255,255,255,146,False,False,False,False,False,False,False,False,False,False,False,False
32,24,24,24,119,243,24,120,92,120,24,24,24,150,False,False,False,False,False,False,False,False,False,False,False,False
33,146,146,242,228,56,242,228,195,242,146,146,146,195,False,False,False,False,False,False,False,True,False,False,False,False
34,238,2,4,238,4,2,238,28,4,238,238,238,4,False,False,True,False,True,False,False,False,True,False,False,False
35,242,2,242,246,242,242,246,246,242,242,242,242,242,True,False,True,False,True,True,False,False,True,True,True,True
36,157,77,185,119,77,158,157,185,185,157,157,157,158,False,False,False,False,False,True,False,False,False,False,False,False
37,167,167,167,167,7,181,167,28,167,167,167,167,181,False,False,False,False,False,True,False,False,False,False,False,False
38,232,244,232,244,181,181,244,244,232,232,232,232,181,False,False,False,False,True,True,False,False,False,False,False,False
39,206,206,206,228,199,206,228,206,206,206,206,206,206,True,True,True,False,False,True,False,True,True,True,True,True
40,120,120,243,120,120,243,120,120,243,120,120,120,243,False,False,True,False,False,True,False,False,True,False,False,False
41,56,56,56,56,56,56,56,56,56,56,56,56,56,True,True,True,True,True,True,True,True,True,True,True,True
0,102,2,102,142,119,2,2,2,102,102,102,102,102,True,False,True,False,False,False,False,False,True,True,True,True
1,209,30,4,209,30,30,30,30,4,209,209,209,11,False,False,False,False,False,False,False,False,False,False,False,False
2,31,31,140,110,11,31,31,31,140,31,31,31,31,True,True,False,False,False,True,True,True,False,True,True,True
3,203,22,22,120,228,22,22,22,22,203,203,203,124,False,False,False,False,False,False,False,False,False,False,False,False
4,203,146,165,165,236,146,146,146,165,203,203,203,203,True,False,False,False,False,False,False,False,False,True,True,True
5,203,2,16,167,77,203,2,2,167,203,203,203,203,True,False,False,False,False,True,False,False,False,True,True,True
6,140,62,205,110,205,205,62,62,205,140,140,140,205,False,False,True,False,True,True,False,False,True,False,False,False
7,184,26,188,167,167,271,26,26,188,184,184,184,271,False,False,False,False,False,True,False,False,False,False,False,False
8,119,2,119,119,2,191,2,2,119,119,119,119,191,False,False,False,False,False,True,False,False,False,False,False,False
9,271,30,229,167,271,271,30,30,229,271,271,271,271,True,False,False,False,True,True,False,False,False,True,True,True
10,140,67,140,140,161,46,67,67,140,140,140,140,46,False,False,False,False,False,True,False,False,False,False,False,False
11,231,105,105,222,222,231,105,105,105,231,231,231,231,True,False,False,False,False,True,False,False,False,True,True,True
12,49,49,49,49,205,49,49,49,49,49,49,49,49,True,True,True,True,False,True,True,True,True,True,True,True
13,2,2,2,2,2,2,2,2,2,2,2,2,2,True,True,True,True,True,True,True,True,True,True,True,True
14,255,2,255,94,202,191,2,2,255,255,255,255,13,False,False,False,False,False,False,False,False,False,False,False,False
15,203,21,203,86,146,203,247,21,203,203,203,203,224,False,False,False,False,False,False,False,False,False,False,False,False
16,80,6,80,94,20,91,247,6,80,80,80,80,189,False,False,False,False,False,False,False,False,False,False,False,False
17,95,95,95,110,256,271,107,95,95,95,95,95,271,False,False,False,False,False,True,False,False,False,False,False,False
18,140,17,140,119,123,17,52,17,140,140,140,140,232,False,False,False,False,False,False,False,False,False,False,False,False
19,140,30,140,244,140,140,105,30,140,140,140,140,54,False,False,False,False,False,False,False,False,False,False,False,False
20,184,184,184,110,199,222,184,184,184,184,184,184,161,False,False,False,False,False,False,False,False,False,False,False,False
21,188,77,19,77,77,77,19,77,19,188,188,188,77,False,True,False,True,True,True,False,True,False,False,False,False
22,215,2,91,91,91,91,2,2,28,215,215,215,215,True,False,False,False,False,False,False,False,False,True,True,True
23,247,52,247,52,52,247,247,52,247,247,247,247,267,False,False,False,False,False,False,False,False,False,False,False,False
24,215,91,91,91,215,91,247,91,247,215,215,215,91,False,True,True,True,False,True,False,True,False,False,False,False
25,107,107,107,107,256,236,107,107,107,107,107,107,236,False,False,False,False,False,True,False,False,False,False,False,False
26,140,140,140,140,140,140,140,140,140,140,140,140,140,True,True,True,True,True,True,True,True,True,True,True,True
27,140,140,140,140,140,140,140,140,140,140,140,140,140,True,True,True,True,True,True,True,True,True,True,True,True
28,157,77,92,157,19,77,107,77,92,157,157,157,77,False,True,False,False,False,True,False,True,False,False,False,False
29,8,8,231,8,200,231,103,8,231,8,8,8,269,False,False,False,False,False,False,False,False,False,False,False,False
30,238,6,6,238,263,231,52,238,6,238,238,238,156,False,False,False,False,False,False,False,False,False,False,False,False
31,265,30,16,167,267,265,187,167,16,265,265,265,265,True,False,False,False,False,True,False,False,False,True,True,True
32,209,80,209,209,242,205,242,209,209,209,209,209,205,False,False,False,False,False,True,False,False,False,False,False,False
33,209,30,195,209,195,146,195,209,195,209,209,209,214,False,False,False,False,False,False,False,False,False,False,False,False
34,238,21,238,238,185,238,247,238,238,238,238,238,156,False,False,False,False,False,False,False,False,False,False,False,False
35,157,91,157,157,64,217,247,157,157,157,157,157,161,False,False,False,False,False,False,False,False,False,False,False,False
36,107,107,107,120,120,206,107,120,120,107,107,107,161,False,False,False,False,False,False,False,False,False,False,False,False
37,103,89,103,89,28,205,103,89,103,103,103,103,10,False,False,False,False,False,False,False,False,False,False,False,False
38,231,52,52,52,161,231,52,231,52,231,231,231,161,False,False,False,False,True,False,False,False,False,False,False,False
39,267,30,267,0,30,267,267,267,267,267,267,267,267,True,False,True,False,False,True,True,True,True,True,True,True
40,208,7,208,0,7,208,208,208,208,208,208,208,208,True,False,True,False,False,True,True,True,True,True,True,True
41,77,77,77,77,77,77,77,77,77,77,77,77,77,True,True,True,True,True,True,True,True,True,True,True,True
0,15,15,15,80,24,15,15,15,15,15,15,15,106,False,False,False,False,False,False,False,False,False,False,False,False
1,95,52,234,94,144,52,52,52,234,95,95,95,95,True,False,False,False,False,False,False,False,False,True,True,True
2,93,33,222,228,222,33,33,33,222,93,93,93,263,False,False,False,False,False,False,False,False,False,False,False,False
3,234,133,234,133,198,133,133,133,234,234,234,234,65,False,False,False,False,False,False,False,False,False,False,False,False
4,167,3,187,167,91,3,3,3,187,167,167,167,187,False,False,True,False,False,False,False,False,True,False,False,False
5,215,6,6,120,185,6,6,6,6,215,215,215,120,False,False,False,True,False,False,False,False,False,False,False,False
6,231,2,2,231,231,253,2,2,2,231,231,231,16,False,False,False,False,False,False,False,False,False,False,False,False
7,187,62,187,228,187,268,62,62,187,187,187,187,187,True,False,True,False,True,False,False,False,True,True,True,True
8,188,53,191,53,188,188,53,53,191,188,188,188,247,False,False,False,False,False,False,False,False,False,False,False,False
9,156,156,156,191,156,191,156,156,156,156,156,156,262,False,False,False,False,False,False,False,False,False,False,False,False
10,253,33,222,33,253,253,33,33,222,253,253,253,253,True,False,False,False,True,True,False,False,False,True,True,True
11,46,46,46,46,257,46,46,46,46,46,46,46,100,False,False,False,False,False,False,False,False,False,False,False,False
12,185,185,185,185,185,185,185,185,185,185,185,185,185,True,True,True,True,True,True,True,True,True,True,True,True
13,6,6,6,6,6,6,6,6,6,6,6,6,6,True,True,True,True,True,True,True,True,True,True,True,True
14,138,1,143,138,203,203,1,1,143,138,138,138,138,True,False,False,True,False,False,False,False,False,True,True,True
15,0,0,0,142,23,4,142,0,0,0,0,0,0,True,True,True,False,False,False,False,True,True,True,True,True
16,203,89,188,119,89,203,119,89,188,203,203,203,171,False,False,False,False,False,False,False,False,False,False,False,False
17,143,77,143,142,143,143,142,77,143,143,143,143,143,True,False,True,False,True,True,False,False,True,True,True,True
18,107,2,191,209,120,191,209,2,191,107,107,107,89,False,False,False,False,False,False,False,False,False,False,False,False
19,2,2,2,142,221,258,142,2,2,2,2,2,16,False,False,False,False,False,False,False,False,False,False,False,False
20,5,5,140,120,143,140,120,5,140,5,5,5,5,True,True,False,False,False,False,False,True,False,True,True,True
21,143,6,143,143,6,143,143,6,191,143,143,143,143,True,False,True,True,False,True,True,False,False,True,True,True
22,92,1,92,1,148,92,1,1,92,92,92,92,92,True,False,True,False,False,True,False,False,True,True,True,True
23,4,256,28,228,256,4,228,256,28,4,4,4,28,False,False,True,False,False,False,False,False,True,False,False,False
24,188,91,91,244,188,188,244,91,91,188,188,188,229,False,False,False,False,False,False,False,False,False,False,False,False
25,167,167,167,167,161,167,167,167,167,167,167,167,167,True,True,True,True,False,True,True,True,True,True,True,True
26,2,2,2,2,2,2,2,2,2,2,2,2,84,False,False,False,False,False,False,False,False,False,False,False,False
27,120,120,120,120,120,120,120,120,120,120,120,120,120,True,True,True,True,True,True,True,True,True,True,True,True
28,190,5,5,233,233,190,157,5,5,190,190,190,190,True,False,False,False,False,True,False,False,False,True,True,True
29,0,0,0,22,97,22,22,0,0,0,0,0,9,False,False,False,False,False,False,False,False,False,False,False,False
30,140,24,140,140,180,140,140,140,140,140,140,140,67,False,False,False,False,False,False,False,False,False,False,False,False
31,143,143,143,167,217,143,167,143,143,143,143,143,187,False,False,False,False,False,False,False,False,False,False,False,False
32,184,72,184,91,259,191,89,89,89,184,184,184,193,False,False,False,False,False,False,False,False,False,False,False,False
33,22,22,22,22,236,203,22,22,22,22,22,22,20,False,False,False,False,False,False,False,False,False,False,False,False
34,193,62,62,142,185,231,142,193,142,193,193,193,193,True,False,False,False,False,False,False,True,False,True,True,True
35,24,24,92,184,67,92,92,92,92,24,24,24,67,False,False,False,False,True,False,False,False,False,False,False,False
36,6,6,6,120,53,6,120,6,6,6,6,6,109,False,False,False,False,False,False,False,False,False,False,False,False
37,22,22,22,22,35,22,22,22,22,22,22,22,22,True,True,True,True,False,True,True,True,True,True,True,True
38,140,24,140,140,23,140,140,140,140,140,140,140,89,False,False,False,False,False,False,False,False,False,False,False,False
39,143,143,143,244,244,143,244,143,143,143,143,143,143,True,True,True,False,False,True,False,True,True,True,True,True
40,259,91,91,91,259,259,91,259,91,259,259,259,259,True,False,False,False,True,True,False,True,False,True,True,True
41,97,97,97,97,97,97,97,97,97,97,97,97,97,True,True,True,True,True,True,True,True,True,True,True,True
